1.134693877551020691e-01 2.483516620922090468e-01 1.130612244897959418e-01 2.482944259519976882e-01 1.165306122448979131e-01 2.526672101128343284e-01 1.157142857142857695e-01 2.537727646882735333e-01
1.128571428571428781e-01 2.425917010156170839e-01 1.124489795918367507e-01 2.435534330542774017e-01 1.099999999999999867e-01 2.394276838575929434e-01 1.097959183673469230e-01 2.389052363809734125e-01
1.081632653061224136e-01 2.393786049998037069e-01 1.085714285714285410e-01 2.394118501147067535e-01 1.067346938775509679e-01 2.367348884965888578e-01 1.077551020408162863e-01 2.367846426017845562e-01
1.138775510204081964e-01 2.388678919252299471e-01 1.126530612244898144e-01 2.396931011419086710e-01 1.130612244897959418e-01 2.415287483081787479e-01 1.120408163265306234e-01 2.410710883093178380e-01
1.022448979591836782e-01 2.363922413671983302e-01 1.018367346938775508e-01 2.373694441509422159e-01 1.016326530612244872e-01 2.347624382543815058e-01 1.006122448979591688e-01 2.339736257726954816e-01
1.002040816326530415e-01 2.294461318364311997e-01 1.004081632653061051e-01 2.326046521487263596e-01 1.002040816326530415e-01 2.317568025208895377e-01 9.999999999999997780e-02 2.300793852568778775e-01
1.046938775510204422e-01 2.448146054618694500e-01 1.051020408163265696e-01 2.445913896457585779e-01 1.067346938775509679e-01 2.467898827448363197e-01 1.057142857142857606e-01 2.480465789537840138e-01
1.089795918367346683e-01 2.365051853720211983e-01 1.077551020408162863e-01 2.369568912713276854e-01 1.048979591836735059e-01 2.369135159992327155e-01 1.057142857142857606e-01 2.368469000921357426e-01
9.999999999999997780e-02 2.279966390515096586e-01 9.857142857142853209e-02 2.301253220160815183e-01 9.775510204081627741e-02 2.271367210237457968e-01 9.795918367346934108e-02 2.262777552879793874e-01
9.612244897959187906e-02 2.264157321658034627e-01 9.653061224489800640e-02 2.291367105993534214e-01 9.693877551020413375e-02 2.257244166592326795e-01 9.836734693877546842e-02 2.244623375373149265e-01
1.012244897959183598e-01 2.392909785623592023e-01 1.018367346938775508e-01 2.404899796300352388e-01 1.004081632653061051e-01 2.362389643495521330e-01 9.877551020408159577e-02 2.354682118853748674e-01
1.010204081632652962e-01 2.356178380360009761e-01 1.016326530612244872e-01 2.391353723825263289e-01 1.002040816326530415e-01 2.358831016377794798e-01 1.006122448979591688e-01 2.327079282250242021e-01
1.085714285714285410e-01 2.414575464141722194e-01 1.081632653061224136e-01 2.407654452639160225e-01 1.069387755102040316e-01 2.402279473376248697e-01 1.067346938775509679e-01 2.418251799013146630e-01
1.008163265306122325e-01 2.401469015276861407e-01 9.999999999999997780e-02 2.410809947920808105e-01 1.006122448979591688e-01 2.409093283677447572e-01 1.002040816326530415e-01 2.410586054569655579e-01
1.012244897959183598e-01 2.337089887070524785e-01 1.006122448979591688e-01 2.375389794632377649e-01 9.979591836734691412e-02 2.356151182959444479e-01 9.938775510204078678e-02 2.334792215091899548e-01
1.036734693877551239e-01 2.492195272911204018e-01 1.028571428571428692e-01 2.480131007146892663e-01 1.110204081632653050e-01 2.513226050513783782e-01 1.120408163265306234e-01 2.533874582505366013e-01
1.034693877551020602e-01 2.331819766765857449e-01 1.036734693877551239e-01 2.348718785446972102e-01 1.030612244897959329e-01 2.345149137895318481e-01 1.026530612244898055e-01 2.340952776402584201e-01
1.118367346938775597e-01 2.470856135982956170e-01 1.108163265306122414e-01 2.452319631694746538e-01 1.083673469387754773e-01 2.436641299402381444e-01 1.081632653061224136e-01 2.451076606499676958e-01
1.091836734693877320e-01 2.335690414922939884e-01 1.079591836734693500e-01 2.347325167315897076e-01 1.053061224489796333e-01 2.354874585963109002e-01 1.069387755102040316e-01 2.352088114730310764e-01
9.795918367346934108e-02 2.307715854284955459e-01 9.591836734693881539e-02 2.323149174012364704e-01 9.673469387755107007e-02 2.313043878365791672e-01 9.693877551020413375e-02 2.303418681796821077e-01
