4.449999999999999512e-01 7.091936183630026536e-01 4.449999999999999512e-01 7.046565305693099912e-01 4.449999999999999512e-01 6.638544565816943965e-01 4.449999999999999512e-01 6.658138757452876089e-01
4.124999999999999778e-01 6.873911162983281642e-01 4.124999999999999778e-01 6.845418663920547209e-01 4.124999999999999778e-01 6.286857293947403225e-01 4.124999999999999778e-01 6.294441145627555079e-01
4.350000000000000533e-01 7.023800305235465835e-01 4.350000000000000533e-01 6.978343172536916050e-01 4.350000000000000533e-01 6.979224307552730489e-01 4.350000000000000533e-01 7.021992955175139217e-01
4.549999999999999600e-01 7.153579052155969453e-01 4.549999999999999600e-01 7.103987724038938190e-01 4.549999999999999600e-01 7.081645099401874255e-01 4.549999999999999600e-01 7.126380329702012295e-01
4.449999999999999512e-01 6.985988854718746532e-01 4.449999999999999512e-01 6.960807142466377551e-01 4.449999999999999512e-01 6.940853815333812848e-01 4.449999999999999512e-01 6.962312448542472554e-01
4.250000000000000444e-01 6.932146393134889228e-01 4.250000000000000444e-01 6.902653048660425394e-01 4.150000000000000355e-01 6.286940761262874711e-01 4.150000000000000355e-01 6.288667109035422920e-01
4.324999999999999956e-01 6.939735046803172658e-01 4.324999999999999956e-01 6.914720022422407020e-01 4.324999999999999956e-01 6.902946020701712371e-01 4.324999999999999956e-01 6.924827526796178967e-01
nan nan nan nan nan nan nan nan
4.525000000000000133e-01 7.370605175843647494e-01 4.525000000000000133e-01 7.278480805552330901e-01 4.525000000000000133e-01 7.247906195392121997e-01 4.525000000000000133e-01 7.333564838726860380e-01
4.599999999999999645e-01 7.093542725071102506e-01 4.599999999999999645e-01 7.057746408729105303e-01 4.375000000000000000e-01 6.394634435918054027e-01 4.399999999999999467e-01 6.397871246304138726e-01
4.324999999999999956e-01 6.877999402289549646e-01 4.324999999999999956e-01 6.866577738995814917e-01 4.324999999999999956e-01 6.859074950547854321e-01 4.324999999999999956e-01 6.868446997240644780e-01
4.599999999999999645e-01 7.232287597839307525e-01 4.599999999999999645e-01 7.171868449916344312e-01 4.725000000000000311e-01 6.531931194758426873e-01 4.725000000000000311e-01 6.546376572253297388e-01
4.425000000000000044e-01 7.108297300822534748e-01 4.425000000000000044e-01 7.057699131734317399e-01 4.425000000000000044e-01 7.037934245957941926e-01 4.425000000000000044e-01 7.083954814020384516e-01
4.749999999999999778e-01 7.377941403724775915e-01 4.749999999999999778e-01 7.302374068574501997e-01 4.749999999999999778e-01 7.269448655618453436e-01 4.749999999999999778e-01 7.339009338685897887e-01
4.449999999999999512e-01 6.964377826357704970e-01 4.449999999999999512e-01 6.943341712322456116e-01 4.525000000000000133e-01 6.350901382312649224e-01 4.525000000000000133e-01 6.352584441142007377e-01
4.499999999999999556e-01 7.048130280256047486e-01 4.499999999999999556e-01 7.014382138332391214e-01 4.499999999999999556e-01 6.997572259900449732e-01 4.499999999999999556e-01 7.027843779258793333e-01
4.375000000000000000e-01 6.986472306755660000e-01 4.375000000000000000e-01 6.955827983989181229e-01 4.375000000000000000e-01 6.938268824716270489e-01 4.375000000000000000e-01 6.965051795579393357e-01
4.625000000000000222e-01 7.079876488553290548e-01 4.625000000000000222e-01 7.047969045358533080e-01 4.625000000000000222e-01 7.028403951227147894e-01 4.625000000000000222e-01 7.056494386879491598e-01
4.050000000000000266e-01 6.779175619127822960e-01 4.050000000000000266e-01 6.766910219679660443e-01 4.050000000000000266e-01 6.759150558443185464e-01 4.050000000000000266e-01 6.768849285081260936e-01
4.499999999999999556e-01 7.022331894877509306e-01 4.499999999999999556e-01 6.993580823943170710e-01 4.499999999999999556e-01 6.985785303221021536e-01 4.499999999999999556e-01 7.012633635363677564e-01
