1.999999999999999556e-01 4.947636052001305185e-01 1.999999999999999556e-01 4.804671348616130211e-01 1.999999999999999556e-01 5.050698389977594793e-01 1.999999999999999556e-01 5.202484725369629359e-01
2.199999999999999734e-01 4.802465141128013371e-01 2.199999999999999734e-01 4.681529910116438709e-01 2.199999999999999734e-01 4.851233060664150720e-01 2.199999999999999734e-01 4.955534799374265997e-01
2.099999999999999645e-01 5.130108249839060441e-01 2.099999999999999645e-01 5.008002761128644842e-01 2.099999999999999645e-01 5.231503577363603164e-01 2.299999999999999822e-01 5.337792433214065824e-01
1.099999999999999867e-01 3.042126141345754542e-01 1.099999999999999867e-01 3.107720323266077167e-01 1.199999999999999956e-01 3.104052683754295883e-01 1.199999999999999956e-01 3.047432977638852014e-01
1.800000000000000488e-01 3.718126476012990067e-01 1.800000000000000488e-01 3.717918642050197509e-01 nan nan nan nan
1.500000000000000222e-01 3.791260526314531587e-01 1.500000000000000222e-01 3.794940503804193344e-01 1.700000000000000400e-01 4.007407874871919407e-01 1.700000000000000400e-01 4.035194111894954694e-01
1.800000000000000488e-01 4.038099300541532766e-01 1.800000000000000488e-01 4.029243630650460317e-01 1.899999999999999467e-01 4.107369984570325427e-01 1.899999999999999467e-01 4.120950115068353070e-01
1.700000000000000400e-01 3.782189311854516900e-01 1.700000000000000400e-01 3.778766013408389468e-01 1.700000000000000400e-01 3.797361399732143705e-01 1.700000000000000400e-01 3.812128884092315095e-01
1.500000000000000222e-01 4.375711446198942145e-01 1.400000000000000133e-01 4.322969099900852430e-01 1.899999999999999467e-01 5.067498953283559038e-01 1.999999999999999556e-01 5.157483433671437023e-01
1.800000000000000488e-01 4.606227791200148136e-01 1.800000000000000488e-01 4.511103458178314929e-01 1.999999999999999556e-01 4.757564971209295446e-01 1.999999999999999556e-01 4.804981916575741807e-01
1.500000000000000222e-01 3.626716005817149924e-01 1.500000000000000222e-01 3.639022014236575342e-01 1.500000000000000222e-01 3.648043852727143599e-01 1.500000000000000222e-01 3.643420202170670197e-01
1.700000000000000400e-01 3.998747026156592721e-01 1.700000000000000400e-01 4.047862508471653520e-01 1.999999999999999556e-01 4.143150064859575932e-01 1.999999999999999556e-01 4.115923607559478503e-01
1.400000000000000133e-01 4.020921731581564296e-01 1.400000000000000133e-01 3.989109380106918290e-01 1.700000000000000400e-01 4.042799723504073572e-01 1.700000000000000400e-01 4.086891001782240740e-01
1.600000000000000311e-01 3.311785464799818501e-01 1.600000000000000311e-01 3.355170850586937092e-01 1.700000000000000400e-01 3.362733128221396806e-01 1.700000000000000400e-01 3.330781940875144342e-01
1.700000000000000400e-01 3.814346584190712042e-01 1.600000000000000311e-01 3.829178681578344623e-01 1.500000000000000222e-01 3.855879328770722703e-01 1.600000000000000311e-01 3.853026291847991835e-01
1.800000000000000488e-01 3.925900438112481239e-01 1.800000000000000488e-01 3.939578675898449123e-01 1.899999999999999467e-01 4.093063705441113420e-01 1.899999999999999467e-01 4.090945493390780729e-01
1.700000000000000400e-01 3.985793826760011260e-01 1.700000000000000400e-01 3.948904504669293880e-01 1.899999999999999467e-01 4.355692266605876162e-01 1.899999999999999467e-01 4.422818451347170776e-01
1.400000000000000133e-01 4.237986117950955922e-01 1.400000000000000133e-01 4.180787512391715421e-01 2.299999999999999822e-01 5.271348281179326634e-01 2.199999999999999734e-01 5.411441233706755227e-01
1.600000000000000311e-01 3.868837853717941866e-01 1.600000000000000311e-01 3.861706927743162598e-01 1.899999999999999467e-01 4.078637824531828326e-01 1.899999999999999467e-01 4.102238748981651417e-01
1.400000000000000133e-01 3.492702347337623969e-01 1.400000000000000133e-01 3.557040771114320377e-01 1.400000000000000133e-01 3.525291058131078681e-01 1.400000000000000133e-01 3.469177974216776650e-01
