2.666666666666661634e-02 1.271621519474815665e-01 2.666666666666661634e-02 1.285872171416752030e-01 1.333333333333330817e-02 7.163359290888142439e-02 2.666666666666661634e-02 8.589804205133978743e-02
7.999999999999996003e-02 2.330030806560993428e-01 7.999999999999996003e-02 2.319447732625235514e-01 5.333333333333334370e-02 1.369228095357429842e-01 8.266666666666666607e-01 1.726953516554618373e+00
7.999999999999996003e-02 1.752332628737975628e-01 7.999999999999996003e-02 1.754612421356413487e-01 4.000000000000003553e-02 9.914164630742992868e-02 4.000000000000003553e-02 1.158610230901214594e-01
9.333333333333337922e-02 1.820564824537689863e-01 7.999999999999996003e-02 1.827181116670432981e-01 5.333333333333334370e-02 1.217896061754038528e-01 5.333333333333334370e-02 1.613103098268371394e-01
2.666666666666661634e-02 1.098925458645141351e-01 2.666666666666661634e-02 1.145063702664656097e-01 1.333333333333330817e-02 8.047635780388309734e-02 1.333333333333330817e-02 1.216367205615189601e-01
1.066666666666666874e-01 1.877159798950089609e-01 1.066666666666666874e-01 1.847373823384169944e-01 4.000000000000003553e-02 1.064862179137569531e-01 8.133333333333333526e-01 1.933317111081656714e+00
1.333333333333330817e-02 9.532428186250442581e-02 1.333333333333330817e-02 9.884410115316834278e-02 1.333333333333330817e-02 5.622585654294576241e-02 2.666666666666661634e-02 9.036982187363400143e-02
6.666666666666665186e-02 1.542720112448481007e-01 4.000000000000003553e-02 1.573024339823236584e-01 5.333333333333334370e-02 1.190874758743315220e-01 8.533333333333332771e-01 2.779296825459829368e+00
1.066666666666666874e-01 1.912750462789851724e-01 1.066666666666666874e-01 1.908048144318819361e-01 4.000000000000003553e-02 1.191168422014628470e-01 7.866666666666666252e-01 1.656066504817423457e+00
0.000000000000000000e+00 8.859918560776852692e-02 0.000000000000000000e+00 9.139000279768022539e-02 2.666666666666661634e-02 7.110166944872131634e-02 7.333333333333333925e-01 2.682261350452112225e+00
5.333333333333334370e-02 1.951946452367957496e-01 5.333333333333334370e-02 1.964420410125826411e-01 6.666666666666665186e-02 1.706432550868224873e-01 8.000000000000000444e-01 2.348282363709667031e+00
1.333333333333330817e-02 1.156815500316772521e-01 2.666666666666661634e-02 1.214999198255986290e-01 2.666666666666661634e-02 7.926795843385248119e-02 2.666666666666661634e-02 1.250273912974572132e-01
5.333333333333334370e-02 1.665900203770652732e-01 4.000000000000003553e-02 1.670716473212897069e-01 5.333333333333334370e-02 1.004640184929007640e-01 5.333333333333334370e-02 1.130274918028193742e-01
7.999999999999996003e-02 1.935936491481857202e-01 7.999999999999996003e-02 1.998341453121462163e-01 1.199999999999999956e-01 2.182244248026042610e-01 9.599999999999999645e-01 3.905003611779657824e+00
4.000000000000003553e-02 1.058222528389531764e-01 4.000000000000003553e-02 1.088586682215413048e-01 2.666666666666661634e-02 7.171549005471401783e-02 2.666666666666661634e-02 7.782727430817058811e-02
6.666666666666665186e-02 2.051016578174806315e-01 6.666666666666665186e-02 2.068572801304597031e-01 4.000000000000003553e-02 1.206758120274515345e-01 5.333333333333334370e-02 1.964627608590163999e-01
1.333333333333330817e-02 1.264596642969375850e-01 1.333333333333330817e-02 1.279297215887781614e-01 0.000000000000000000e+00 5.941345931814260434e-02 1.333333333333330817e-02 8.162569778319850311e-02
5.333333333333334370e-02 1.423430897233900760e-01 5.333333333333334370e-02 1.458251806385126026e-01 6.666666666666665186e-02 1.164700669258591920e-01 6.666666666666665186e-02 2.738167942597151128e-01
2.666666666666661634e-02 1.204339315299023105e-01 2.666666666666661634e-02 1.248201985315968016e-01 5.333333333333334370e-02 1.028217600198385318e-01 8.933333333333333126e-01 2.955431128273949604e+00
2.666666666666661634e-02 1.513507710607832346e-01 2.666666666666661634e-02 1.538221629832519088e-01 5.333333333333334370e-02 1.467178180509289276e-01 5.333333333333334370e-02 2.463063770174131750e-01
