2.433333333333332904e-01 4.765826301213785809e-01 2.399999999999999911e-01 4.758599880571786067e-01 2.366666666666666918e-01 4.755477566055770211e-01 2.399999999999999911e-01 4.758824458995215556e-01
2.099999999999999645e-01 4.648087936197115022e-01 2.099999999999999645e-01 4.625838577060794043e-01 2.033333333333333659e-01 4.608625038557168097e-01 2.033333333333333659e-01 4.625737395003851615e-01
2.366666666666666918e-01 4.583910621838785393e-01 2.399999999999999911e-01 4.579211655706523221e-01 2.366666666666666918e-01 4.584637983943756212e-01 2.366666666666666918e-01 4.589173654985503892e-01
2.733333333333333171e-01 5.104986831939218872e-01 2.700000000000000178e-01 5.040070395317497454e-01 2.700000000000000178e-01 5.047197105855304455e-01 2.700000000000000178e-01 5.114111217469300419e-01
2.266666666666666829e-01 4.749087867916949035e-01 2.266666666666666829e-01 4.715590605565370130e-01 2.299999999999999822e-01 4.706665618889372404e-01 2.299999999999999822e-01 4.737190606649909208e-01
2.366666666666666918e-01 4.827114990993471855e-01 2.366666666666666918e-01 4.793758127800618052e-01 2.333333333333332815e-01 4.792292458378941133e-01 2.333333333333332815e-01 4.824683345057435013e-01
1.966666666666666563e-01 4.530114790863258856e-01 1.966666666666666563e-01 4.538542949343385424e-01 1.966666666666666563e-01 4.542650898140863092e-01 1.999999999999999556e-01 4.532488344308873707e-01
2.399999999999999911e-01 4.903596102275926683e-01 2.333333333333332815e-01 4.885965508187790074e-01 2.333333333333332815e-01 4.891170832999004459e-01 2.333333333333332815e-01 4.908330488250591817e-01
2.433333333333332904e-01 4.763213512969634578e-01 2.433333333333332904e-01 4.746005472012557180e-01 2.466666666666667007e-01 4.758391765906965776e-01 2.500000000000000000e-01 4.774759440356535767e-01
2.233333333333333837e-01 4.807497799954819628e-01 2.233333333333333837e-01 4.778001396867567752e-01 2.199999999999999734e-01 4.790164626247517821e-01 2.199999999999999734e-01 4.827772571037847182e-01
2.500000000000000000e-01 5.005009024554997188e-01 2.533333333333332993e-01 4.962250312728450630e-01 2.566666666666667096e-01 4.965240374844315241e-01 2.533333333333332993e-01 5.007902251193834253e-01
2.299999999999999822e-01 4.816120994126170674e-01 2.333333333333332815e-01 4.801154264066724298e-01 2.366666666666666918e-01 4.800907743706183672e-01 2.333333333333332815e-01 4.816611044645051631e-01
2.466666666666667007e-01 5.253929620303510184e-01 2.433333333333332904e-01 5.180188530151161874e-01 2.466666666666667007e-01 5.215746463195670701e-01 2.433333333333332904e-01 5.291404957589562752e-01
2.366666666666666918e-01 4.897487408746626358e-01 2.366666666666666918e-01 4.856107151685892243e-01 2.366666666666666918e-01 4.848938043774397300e-01 2.366666666666666918e-01 4.888343813409764538e-01
2.199999999999999734e-01 4.588811366179316176e-01 2.199999999999999734e-01 4.599621693599192374e-01 2.199999999999999734e-01 4.590328196864666421e-01 2.266666666666666829e-01 4.578279753278258202e-01
2.299999999999999822e-01 4.614813530711687761e-01 2.299999999999999822e-01 4.620544805966202984e-01 2.366666666666666918e-01 4.664849490496377760e-01 2.399999999999999911e-01 4.665610719424679309e-01
2.066666666666666652e-01 4.443027825503854666e-01 2.066666666666666652e-01 4.492898147381863549e-01 2.066666666666666652e-01 4.496068131170088966e-01 2.066666666666666652e-01 4.443780889495737574e-01
2.500000000000000000e-01 4.707677821940322582e-01 2.500000000000000000e-01 4.707292534755619928e-01 2.466666666666667007e-01 4.703547739687387597e-01 2.466666666666667007e-01 4.701545191979253357e-01
2.033333333333333659e-01 4.891565420378338747e-01 2.033333333333333659e-01 4.851542266032159434e-01 2.099999999999999645e-01 4.892681271282193212e-01 2.099999999999999645e-01 4.937941975940168260e-01
2.666666666666667185e-01 5.026484522127844246e-01 2.666666666666667185e-01 4.987624635992151667e-01 2.600000000000000089e-01 4.997555397897743279e-01 2.600000000000000089e-01 5.036514997949769201e-01
2.166666666666666741e-01 4.691049786949775258e-01 2.199999999999999734e-01 4.694937824500931556e-01 2.266666666666666829e-01 4.692399944117620070e-01 2.266666666666666829e-01 4.687962097554799201e-01
2.399999999999999911e-01 4.767995015020171645e-01 2.433333333333332904e-01 4.727088381491688640e-01 2.399999999999999911e-01 4.733013013023548154e-01 2.399999999999999911e-01 4.769094385918251078e-01
2.299999999999999822e-01 4.517231948171813172e-01 2.299999999999999822e-01 4.533357372827526710e-01 2.299999999999999822e-01 4.535284319948376108e-01 2.299999999999999822e-01 4.518559936430803781e-01
2.399999999999999911e-01 4.895362458497745095e-01 2.399999999999999911e-01 4.862210598777612081e-01 2.399999999999999911e-01 4.860829716821895574e-01 2.399999999999999911e-01 4.893404691248029459e-01
2.266666666666666829e-01 4.958382618755982074e-01 2.266666666666666829e-01 4.875199893452074051e-01 2.266666666666666829e-01 4.825988258349080962e-01 2.266666666666666829e-01 4.896192650298736293e-01
1.999999999999999556e-01 4.245717044162600207e-01 1.999999999999999556e-01 4.287285923452388015e-01 1.933333333333333570e-01 4.291786748932043816e-01 1.933333333333333570e-01 4.248728463698817626e-01
2.266666666666666829e-01 4.485718495674690387e-01 2.266666666666666829e-01 4.529643688882489805e-01 2.266666666666666829e-01 4.534665061282395215e-01 2.266666666666666829e-01 4.489447153750720787e-01
2.766666666666666163e-01 5.154848859993250709e-01 2.766666666666666163e-01 5.077669531937458736e-01 2.733333333333333171e-01 5.096220716001088613e-01 2.733333333333333171e-01 5.179000789710843655e-01
2.500000000000000000e-01 5.163635645862401091e-01 2.500000000000000000e-01 5.081666297889115835e-01 2.466666666666667007e-01 5.081248370609602327e-01 2.466666666666667007e-01 5.161674278653699544e-01
2.600000000000000089e-01 5.175564877960155963e-01 2.600000000000000089e-01 5.051772027918491892e-01 2.633333333333333082e-01 5.039379902243705800e-01 2.633333333333333082e-01 5.159926676620557595e-01
2.299999999999999822e-01 4.664058246628273174e-01 2.299999999999999822e-01 4.648600899091244743e-01 2.333333333333332815e-01 4.645111846329870176e-01 2.299999999999999822e-01 4.658903806907987999e-01
2.199999999999999734e-01 4.598232634873026248e-01 2.199999999999999734e-01 4.600631336603460686e-01 2.199999999999999734e-01 4.607631103714654452e-01 2.199999999999999734e-01 4.604994370880057253e-01
2.399999999999999911e-01 4.676201891865989224e-01 2.399999999999999911e-01 4.678208203209398564e-01 2.433333333333332904e-01 4.672380693147663577e-01 2.433333333333332904e-01 4.667288585265543244e-01
2.333333333333332815e-01 4.846543931389794557e-01 2.366666666666666918e-01 4.814448452270879142e-01 2.366666666666666918e-01 4.792770090862370491e-01 2.366666666666666918e-01 4.820885578542518646e-01
2.133333333333333748e-01 4.650363184357946267e-01 2.166666666666666741e-01 4.658673146808802179e-01 2.199999999999999734e-01 4.656684267443841896e-01 2.199999999999999734e-01 4.653386989632015136e-01
2.233333333333333837e-01 4.816403436468950638e-01 2.266666666666666829e-01 4.802723103450102782e-01 2.233333333333333837e-01 4.807441379646331114e-01 2.199999999999999734e-01 4.822364536085344544e-01
2.566666666666667096e-01 5.130381563355815855e-01 2.566666666666667096e-01 5.051661105700665511e-01 2.566666666666667096e-01 5.033773475939696818e-01 2.566666666666667096e-01 5.107863060120769738e-01
2.566666666666667096e-01 5.055191516012533803e-01 2.566666666666667096e-01 5.003510520689341545e-01 2.566666666666667096e-01 4.993869085249512119e-01 2.566666666666667096e-01 5.041484337276884720e-01
2.333333333333332815e-01 4.834750062596865905e-01 2.333333333333332815e-01 4.800613358797972685e-01 2.333333333333332815e-01 4.810517831017939172e-01 2.333333333333332815e-01 4.845001614162861570e-01
2.466666666666667007e-01 5.070469136400205246e-01 2.466666666666667007e-01 5.004441207451734153e-01 2.466666666666667007e-01 5.015007526420276474e-01 2.466666666666667007e-01 5.082946090477687973e-01
2.366666666666666918e-01 5.313490506992618601e-01 2.366666666666666918e-01 5.172232254631675685e-01 2.366666666666666918e-01 5.143656998844887696e-01 2.366666666666666918e-01 5.274590189773211701e-01
1.933333333333333570e-01 4.621707305415073685e-01 1.933333333333333570e-01 4.606200277782118158e-01 1.933333333333333570e-01 4.585525180468956186e-01 1.933333333333333570e-01 4.594842206685444963e-01
2.166666666666666741e-01 4.437837416057146545e-01 2.166666666666666741e-01 4.467688686771103534e-01 2.133333333333333748e-01 4.467064018098606537e-01 2.166666666666666741e-01 4.435599490242550513e-01
2.433333333333332904e-01 4.765826301213785809e-01 2.399999999999999911e-01 4.758604817169697077e-01 2.366666666666666918e-01 4.755458326339016550e-01 2.399999999999999911e-01 4.758821156055321189e-01
2.099999999999999645e-01 4.648087936197115022e-01 2.099999999999999645e-01 4.625832983921315256e-01 2.033333333333333659e-01 4.608628363179991805e-01 2.033333333333333659e-01 4.625723547756561693e-01
2.366666666666666918e-01 4.583910621838785393e-01 2.399999999999999911e-01 4.579214348665841539e-01 2.366666666666666918e-01 4.584637940859045968e-01 2.366666666666666918e-01 4.589179605906995585e-01
2.733333333333333171e-01 5.104986831939218872e-01 2.700000000000000178e-01 5.040084268638632681e-01 2.700000000000000178e-01 5.047180575899348209e-01 2.700000000000000178e-01 5.114079492062778565e-01
2.266666666666666829e-01 4.749087867916949035e-01 2.266666666666666829e-01 4.715589421933323866e-01 2.299999999999999822e-01 4.706670184048083461e-01 2.299999999999999822e-01 4.737186717648405598e-01
2.366666666666666918e-01 4.827114990993471855e-01 2.366666666666666918e-01 4.793741923851585485e-01 2.333333333333332815e-01 4.792284171236150248e-01 2.333333333333332815e-01 4.824690661164204863e-01
1.966666666666666563e-01 4.530114790863258856e-01 1.966666666666666563e-01 4.538545411864617907e-01 1.966666666666666563e-01 4.542649606977600119e-01 1.999999999999999556e-01 4.532483676067271539e-01
2.399999999999999911e-01 4.903596102275926683e-01 2.333333333333332815e-01 4.885969847427682478e-01 2.333333333333332815e-01 4.891170810236512012e-01 2.333333333333332815e-01 4.914419871013433472e-01
2.433333333333332904e-01 4.763213512969634578e-01 2.433333333333332904e-01 4.746002378334489569e-01 2.466666666666667007e-01 4.758427253304172155e-01 2.500000000000000000e-01 4.774781769269465515e-01
2.233333333333333837e-01 4.807497799954819628e-01 2.233333333333333837e-01 4.778003077097606188e-01 2.199999999999999734e-01 4.790120325916651378e-01 2.199999999999999734e-01 4.827738409392711150e-01
2.500000000000000000e-01 5.005009024554997188e-01 2.533333333333332993e-01 4.962262085629101649e-01 2.566666666666667096e-01 4.965237982684125861e-01 2.533333333333332993e-01 5.007853454518074177e-01
2.299999999999999822e-01 4.816120994126170674e-01 2.333333333333332815e-01 4.801082217468281010e-01 2.366666666666666918e-01 4.800958267494835896e-01 2.333333333333332815e-01 4.816600911082590253e-01
2.466666666666667007e-01 5.253929620303510184e-01 2.433333333333332904e-01 5.180187253746287857e-01 2.466666666666667007e-01 5.215737792585203314e-01 2.433333333333332904e-01 5.291383728266823017e-01
2.366666666666666918e-01 4.897487408746626358e-01 2.366666666666666918e-01 4.856112317787691923e-01 2.366666666666666918e-01 4.848924247488097805e-01 2.366666666666666918e-01 4.888366184897048328e-01
2.199999999999999734e-01 4.588811366179316176e-01 2.199999999999999734e-01 4.599630828214841816e-01 2.199999999999999734e-01 4.590335987456806155e-01 2.266666666666666829e-01 4.578297650172494238e-01
2.299999999999999822e-01 4.614813530711687761e-01 2.299999999999999822e-01 4.620545454294582299e-01 2.366666666666666918e-01 4.664857900854678108e-01 2.399999999999999911e-01 4.665589283043008462e-01
2.066666666666666652e-01 4.443027825503854666e-01 2.066666666666666652e-01 4.492903090378776443e-01 2.066666666666666652e-01 4.496048529892919254e-01 2.066666666666666652e-01 4.443813613003966267e-01
2.500000000000000000e-01 4.707677821940322582e-01 2.500000000000000000e-01 4.707291385669771233e-01 2.466666666666667007e-01 4.703534392751594351e-01 2.466666666666667007e-01 4.701546808669481714e-01
2.033333333333333659e-01 4.891565420378338747e-01 2.033333333333333659e-01 4.851529944770871516e-01 2.099999999999999645e-01 4.892713744420059130e-01 2.099999999999999645e-01 4.937938257281398458e-01
2.666666666666667185e-01 5.026484522127844246e-01 2.666666666666667185e-01 4.987621365902692450e-01 2.600000000000000089e-01 4.997540649726806561e-01 2.600000000000000089e-01 5.036546355045381507e-01
2.700000000000000178e-01 5.118159951667784480e-01 2.700000000000000178e-01 5.039521486747502443e-01 2.733333333333333171e-01 5.043240059976542566e-01 2.700000000000000178e-01 5.120307231738432385e-01
2.500000000000000000e-01 4.881789837717138147e-01 2.466666666666667007e-01 4.818046599127494001e-01 2.466666666666667007e-01 4.824939325636327658e-01 2.466666666666667007e-01 4.883970020066653595e-01
2.333333333333332815e-01 4.624484520330611192e-01 2.333333333333332815e-01 4.631589152887393146e-01 2.299999999999999822e-01 4.631120590148816718e-01 2.333333333333332815e-01 4.622809501833210488e-01
2.399999999999999911e-01 5.233680161031007971e-01 2.399999999999999911e-01 5.155095225450172514e-01 2.333333333333332815e-01 5.152650555363715856e-01 2.333333333333332815e-01 5.229295949257395382e-01
2.366666666666666918e-01 4.879293033044065919e-01 2.366666666666666918e-01 4.829463070747356257e-01 2.333333333333332815e-01 4.834475764794529118e-01 2.366666666666666918e-01 4.886222479344032310e-01
2.500000000000000000e-01 5.034442076257321652e-01 2.466666666666667007e-01 4.991107926638021497e-01 2.433333333333332904e-01 4.978077084794627627e-01 2.466666666666667007e-01 5.018416050350037461e-01
2.466666666666667007e-01 4.932535135866509268e-01 2.500000000000000000e-01 4.870474606322721112e-01 2.500000000000000000e-01 4.869848887824665962e-01 2.500000000000000000e-01 4.930946654283256403e-01
2.366666666666666918e-01 4.729274171242838776e-01 2.366666666666666918e-01 4.720443758771409870e-01 2.433333333333332904e-01 4.721771139371822579e-01 2.433333333333332904e-01 4.729825251845810041e-01
2.133333333333333748e-01 4.632983815660456361e-01 2.133333333333333748e-01 4.619391207766258001e-01 2.133333333333333748e-01 4.592177082513501096e-01 2.133333333333333748e-01 4.596050506102911659e-01
2.266666666666666829e-01 4.616157737422913465e-01 2.233333333333333837e-01 4.609259761085994223e-01 2.233333333333333837e-01 4.593058069432635060e-01 2.233333333333333837e-01 4.597094669133884870e-01
2.299999999999999822e-01 4.627985545183757043e-01 2.333333333333332815e-01 4.620200890313300168e-01 2.299999999999999822e-01 4.607791937917416480e-01 2.266666666666666829e-01 4.611492250267399395e-01
2.500000000000000000e-01 5.082523667549099233e-01 2.466666666666667007e-01 5.028879411479196815e-01 2.433333333333332904e-01 5.001963652446772546e-01 2.466666666666667007e-01 5.048543711088290253e-01
2.299999999999999822e-01 4.659447819637650423e-01 2.299999999999999822e-01 4.679547354194071862e-01 2.266666666666666829e-01 4.683548864359360908e-01 2.233333333333333837e-01 4.651514892157514458e-01
2.299999999999999822e-01 4.563131795889309728e-01 2.333333333333332815e-01 4.569735652053699138e-01 2.299999999999999822e-01 4.566735651702021892e-01 2.299999999999999822e-01 4.559388683141690213e-01
2.166666666666666741e-01 4.709195413585035572e-01 2.166666666666666741e-01 4.729193283327338126e-01 2.199999999999999734e-01 4.733445401836525734e-01 2.199999999999999734e-01 4.712900322302784883e-01
2.133333333333333748e-01 4.276317422731145124e-01 2.166666666666666741e-01 4.317480564040115931e-01 2.233333333333333837e-01 4.328924153186536339e-01 2.199999999999999734e-01 4.289685941413295955e-01
2.366666666666666918e-01 4.976959521899526062e-01 2.399999999999999911e-01 4.925973387536616843e-01 2.366666666666666918e-01 4.945039735213519472e-01 2.399999999999999911e-01 4.998025433295664177e-01
2.133333333333333748e-01 4.548261899670418273e-01 2.133333333333333748e-01 4.558179765935908567e-01 2.133333333333333748e-01 4.565799707587512857e-01 2.133333333333333748e-01 4.557078034049804049e-01
2.299999999999999822e-01 4.907622205306335084e-01 2.333333333333332815e-01 4.864117496039553346e-01 2.266666666666666829e-01 4.851574356474130378e-01 2.299999999999999822e-01 4.890594825108481314e-01
2.366666666666666918e-01 5.059874192729009179e-01 2.433333333333332904e-01 5.018592260893927071e-01 2.433333333333332904e-01 5.037552462532319808e-01 2.433333333333332904e-01 5.080903133654695036e-01
2.333333333333332815e-01 5.174612237838351891e-01 2.333333333333332815e-01 5.103509946787031515e-01 2.333333333333332815e-01 5.065413741619683163e-01 2.333333333333332815e-01 5.126717709734420758e-01
2.366666666666666918e-01 4.926429151105620741e-01 2.366666666666666918e-01 4.884605692258721654e-01 2.333333333333332815e-01 4.869806440447008167e-01 2.366666666666666918e-01 4.906132167241432085e-01
2.033333333333333659e-01 4.367761075426734307e-01 2.033333333333333659e-01 4.399253493477120469e-01 1.933333333333333570e-01 4.388470228619947289e-01 1.966666666666666563e-01 4.353324666533123222e-01
1.999999999999999556e-01 4.509953692173609419e-01 1.933333333333333570e-01 4.525054973319735385e-01 1.999999999999999556e-01 4.533482546956610348e-01 1.999999999999999556e-01 4.519575075434348332e-01
2.333333333333332815e-01 4.783971063162112958e-01 2.333333333333332815e-01 4.765047586773736299e-01 2.399999999999999911e-01 4.767781225215551033e-01 2.333333333333332815e-01 4.786366771524417918e-01
2.433333333333332904e-01 4.682730539503107137e-01 2.500000000000000000e-01 4.691454961613280017e-01 2.533333333333332993e-01 4.693109696239973760e-01 2.466666666666667007e-01 4.684661261038662317e-01
2.366666666666666918e-01 4.862535775106869296e-01 2.333333333333332815e-01 4.817896344307892043e-01 2.333333333333332815e-01 4.821254438216154292e-01 2.333333333333332815e-01 4.867590665240808523e-01
2.399999999999999911e-01 4.967591849974836715e-01 2.399999999999999911e-01 4.925145067276540112e-01 2.299999999999999822e-01 4.929740682256401607e-01 2.333333333333332815e-01 4.976368013003824586e-01
2.700000000000000178e-01 5.082176118439477586e-01 2.666666666666667185e-01 5.016013285088792850e-01 2.666666666666667185e-01 5.055318403633506374e-01 2.700000000000000178e-01 5.123846935349132270e-01
2.033333333333333659e-01 4.683584853810306980e-01 1.999999999999999556e-01 4.673046241448211569e-01 1.999999999999999556e-01 4.679594775688860619e-01 2.033333333333333659e-01 4.689801515004620724e-01
2.333333333333332815e-01 4.683822226666211619e-01 2.333333333333332815e-01 4.662143701372974403e-01 2.333333333333332815e-01 4.677691577013775026e-01 2.333333333333332815e-01 4.700153310284206354e-01
2.099999999999999645e-01 4.664072027797050435e-01 2.099999999999999645e-01 4.635963076794282212e-01 2.166666666666666741e-01 4.635797994520485799e-01 2.166666666666666741e-01 4.661506830782621291e-01
2.433333333333332904e-01 4.828758224227984175e-01 2.466666666666667007e-01 4.779680959706400500e-01 2.500000000000000000e-01 4.761886796852007886e-01 2.399999999999999911e-01 4.804948799777598589e-01
2.366666666666666918e-01 4.811563529086217983e-01 2.366666666666666918e-01 4.800921337282739176e-01 2.333333333333332815e-01 4.802580377490331398e-01 2.366666666666666918e-01 4.812044256240736173e-01
2.166666666666666741e-01 4.635940023592486914e-01 2.199999999999999734e-01 4.618248377544620920e-01 2.199999999999999734e-01 4.609826330605046318e-01 2.199999999999999734e-01 4.624992010232755746e-01
2.366666666666666918e-01 4.685128265018062010e-01 2.366666666666666918e-01 4.666648474790175416e-01 2.399999999999999911e-01 4.664685196061726380e-01 2.399999999999999911e-01 4.682092149196960262e-01
2.133333333333333748e-01 4.601890068542904833e-01 2.133333333333333748e-01 4.587096708790434629e-01 2.133333333333333748e-01 4.614403991870595356e-01 2.133333333333333748e-01 4.631682634505615015e-01
