1.134782608695652506e-01 2.627708329983242663e-01 1.136956521739130865e-01 2.603186133322303308e-01 1.080434782608695743e-01 2.753856444631629929e-01 1.123913043478260709e-01 2.810935352816016919e-01
9.826086956521740134e-02 2.343364801636083905e-01 9.739130434782605761e-02 2.384042222207003459e-01 1.067391304347825587e-01 2.412687716692567819e-01 1.097826086956521507e-01 2.541910395925040533e-01
1.043478260869564744e-01 2.451414302046628080e-01 1.036956521739130777e-01 2.452600369454789875e-01 1.069565217391303946e-01 2.712286059778760139e-01 1.160869565217391708e-01 2.863769926707894764e-01
1.058695652173913260e-01 2.295517889329027061e-01 1.052173913043478182e-01 2.313971066566472556e-01 1.102173913043478226e-01 2.469605508627658597e-01 1.126086956521739069e-01 2.572757570353343404e-01
9.760869565217389354e-02 2.288558463736645732e-01 9.630434782608698896e-02 2.327953130014053795e-01 1.058695652173913260e-01 2.325009813045374185e-01 1.089130434782609180e-01 2.488296516712567852e-01
9.760869565217389354e-02 2.326464398201012473e-01 9.739130434782605761e-02 2.344657768525424957e-01 9.739130434782605761e-02 2.318721622856103615e-01 1.006521739130434856e-01 2.574324068938246834e-01
9.630434782608698896e-02 2.256831679645962818e-01 9.630434782608698896e-02 2.287664127622529853e-01 1.030434782608695699e-01 2.358813693602575812e-01 1.045652173913043104e-01 2.512959714026318236e-01
1.360869565217390775e-01 2.852214506421649198e-01 1.049999999999999822e-01 2.429896661618288212e-01 9.999999999999997780e-02 2.493825446212961372e-01 9.999999999999997780e-02 2.588519529892149840e-01
9.934782608695646999e-02 2.280530235527269967e-01 9.956521739130430593e-02 2.312748137201346976e-01 1.121739130434782350e-01 2.559636379682364016e-01 1.152173913043478271e-01 2.712222142815778891e-01
9.586956521739131709e-02 2.287372279606967318e-01 9.565217391304348116e-02 2.313772855477200519e-01 1.063043478260869978e-01 2.469898332131311713e-01 1.078260869565217384e-01 2.716574428088560089e-01
9.304347826086956097e-02 2.205087334986214898e-01 9.282608695652172504e-02 2.233614156041606735e-01 1.034782608695652417e-01 2.429134418645436666e-01 1.089130434782609180e-01 2.552698321403769621e-01
9.999999999999997780e-02 2.290876789284648773e-01 9.978260869565214186e-02 2.300691816191167971e-01 1.004347826086956497e-01 2.483669357515286558e-01 1.026086956521738980e-01 2.600462593867148842e-01
9.673913043478266083e-02 2.200386221716961743e-01 9.630434782608698896e-02 2.233500813741793323e-01 1.039130434782609136e-01 2.399334161347232708e-01 1.063043478260869978e-01 2.571939378690892841e-01
9.869565217391307321e-02 2.339533515085019111e-01 9.891304347826090915e-02 2.350796527585576612e-01 9.913043478260874508e-02 2.370408101829835357e-01 9.652173913043482489e-02 2.458011779103578265e-01
1.052173913043478182e-01 2.311847418912190699e-01 1.052173913043478182e-01 2.338078786928169117e-01 1.110869565217391663e-01 2.458966102734443659e-01 1.134782608695652506e-01 2.572736538261650718e-01
1.095652173913043148e-01 2.447441886862287974e-01 1.099999999999999867e-01 2.463742348297797424e-01 1.089130434782609180e-01 2.461263019624113091e-01 1.121739130434782350e-01 2.638648514758117902e-01
9.826086956521740134e-02 2.338275239481172607e-01 9.804347826086956541e-02 2.366281878269904659e-01 1.006521739130434856e-01 2.378902922173300738e-01 1.052173913043478182e-01 2.541857664903043323e-01
1.015217391304348293e-01 2.326890309231153531e-01 1.017391304347825542e-01 2.346303726176633686e-01 1.113043478260870023e-01 2.519428485710398236e-01 1.158695652173913349e-01 2.709468890803792829e-01
1.008695652173913215e-01 2.330723443415405050e-01 1.017391304347825542e-01 2.362931019044826608e-01 1.171739130434782394e-01 2.701907118194236679e-01 1.195652173913043237e-01 2.884018648137314234e-01
1.239130434782608203e-01 2.846644911793109745e-01 1.076086956521739024e-01 2.511272820224786373e-01 1.008695652173913215e-01 2.456265035286190057e-01 1.095652173913043148e-01 2.654604768782433122e-01
9.999999999999997780e-02 2.360100938944430238e-01 9.999999999999997780e-02 2.373697069659693737e-01 1.028260869565217339e-01 2.536826228270822048e-01 1.056521739130434900e-01 2.696053505153781504e-01
9.195652173913038130e-02 2.213528720658630711e-01 9.282608695652172504e-02 2.249471118590284924e-01 9.891304347826090915e-02 2.317755060702751946e-01 1.023913043478260620e-01 2.503654347878061515e-01
1.134782608695652506e-01 2.627708329983242663e-01 1.136956521739130865e-01 2.603179241757320184e-01 1.080434782608695743e-01 2.753907022174674757e-01 1.123913043478260709e-01 2.817010657347489011e-01
9.826086956521740134e-02 2.343364801636083905e-01 9.739130434782605761e-02 2.382962312781391478e-01 1.067391304347825587e-01 2.412691739705625782e-01 1.097826086956521507e-01 2.543875801537568981e-01
1.043478260869564744e-01 2.451414302046628080e-01 1.041304347826087495e-01 2.452221502153378030e-01 1.069565217391303946e-01 2.712310377492411217e-01 1.158695652173913349e-01 2.867210714802175819e-01
1.058695652173913260e-01 2.295517889329027061e-01 1.052173913043478182e-01 2.313592140869339953e-01 1.102173913043478226e-01 2.469594343909761736e-01 1.128260869565217428e-01 2.567824427824590972e-01
9.760869565217389354e-02 2.288558463736645732e-01 9.630434782608698896e-02 2.328166399213609239e-01 1.058695652173913260e-01 2.325137707862229008e-01 1.086956521739130821e-01 2.488290747552726889e-01
9.760869565217389354e-02 2.326464398201012473e-01 9.739130434782605761e-02 2.344284076646587223e-01 9.739130434782605761e-02 2.318739491621120141e-01 1.006521739130434856e-01 2.575230607510995418e-01
9.630434782608698896e-02 2.256831679645962818e-01 9.630434782608698896e-02 2.287462122391739072e-01 1.030434782608695699e-01 2.358781081196811846e-01 1.045652173913043104e-01 2.514469511320936990e-01
1.360869565217390775e-01 2.852214506421649198e-01 1.049999999999999822e-01 2.429884434262059856e-01 9.999999999999997780e-02 2.493835725787030555e-01 1.004347826086956497e-01 2.587589667304320828e-01
9.934782608695646999e-02 2.280530235527269967e-01 9.934782608695646999e-02 2.312858445153662401e-01 1.121739130434782350e-01 2.559646406944161012e-01 1.158695652173913349e-01 2.714255351679328299e-01
9.586956521739131709e-02 2.287372279606967318e-01 9.565217391304348116e-02 2.314149710623674971e-01 1.063043478260869978e-01 2.470021103355537484e-01 1.080434782608695743e-01 2.713491967638542168e-01
9.304347826086956097e-02 2.205087334986214898e-01 9.282608695652172504e-02 2.233711277394592187e-01 1.034782608695652417e-01 2.429129875361002722e-01 1.095652173913043148e-01 2.551729885353808958e-01
9.999999999999997780e-02 2.290876789284648773e-01 9.978260869565214186e-02 2.300681138203983789e-01 1.004347826086956497e-01 2.483638648088496437e-01 1.026086956521738980e-01 2.600444365867836116e-01
9.673913043478266083e-02 2.200386221716961743e-01 9.630434782608698896e-02 2.234284985125354339e-01 1.039130434782609136e-01 2.399304545523532617e-01 1.063043478260869978e-01 2.571793435507179204e-01
9.869565217391307321e-02 2.339533515085019111e-01 9.913043478260874508e-02 2.350324829255726333e-01 9.913043478260874508e-02 2.370396663608687893e-01 9.652173913043482489e-02 2.460497340023956037e-01
1.052173913043478182e-01 2.311847418912190699e-01 1.052173913043478182e-01 2.338267514001645675e-01 1.110869565217391663e-01 2.459015536864677942e-01 1.132608695652174147e-01 2.570548049463446949e-01
1.095652173913043148e-01 2.447441886862287974e-01 1.099999999999999867e-01 2.463722378178331562e-01 1.089130434782609180e-01 2.461268539899422458e-01 1.117391304347825631e-01 2.636942586888240125e-01
9.826086956521740134e-02 2.338275239481172607e-01 9.804347826086956541e-02 2.366406631618582779e-01 1.006521739130434856e-01 2.378974525460683664e-01 1.060869565217391619e-01 2.542757555257355029e-01
1.015217391304348293e-01 2.326890309231153531e-01 1.015217391304348293e-01 2.346370274917874144e-01 1.113043478260870023e-01 2.519442680039671867e-01 1.163043478260870067e-01 2.717985594243891301e-01
1.008695652173913215e-01 2.330723443415405050e-01 1.017391304347825542e-01 2.362377478424804444e-01 1.171739130434782394e-01 2.701910148398908307e-01 1.195652173913043237e-01 2.882831267220487548e-01
1.239130434782608203e-01 2.846644911793109745e-01 1.076086956521739024e-01 2.511275870206439720e-01 1.008695652173913215e-01 2.456395434920787268e-01 1.095652173913043148e-01 2.658750124183516528e-01
1.019565217391303902e-01 2.326950357920333778e-01 1.023913043478260620e-01 2.356805384442512974e-01 1.039130434782609136e-01 2.431145361703151431e-01 1.032608695652174058e-01 2.655493033576692419e-01
9.826086956521740134e-02 2.250463301309541253e-01 9.695652173913038574e-02 2.274929563618316997e-01 9.913043478260874508e-02 2.381838284763050373e-01 1.034782608695652417e-01 2.583409448956122123e-01
9.717391304347822167e-02 2.303202623917007807e-01 9.673913043478266083e-02 2.321243881773857043e-01 9.739130434782605761e-02 2.480298517953362647e-01 1.017391304347825542e-01 2.710318066154392413e-01
9.673913043478266083e-02 2.224479868518582648e-01 9.652173913043482489e-02 2.243072688792431546e-01 1.045652173913043104e-01 2.467872181277125099e-01 1.069565217391303946e-01 2.550962276678356289e-01
1.452173913043478537e-01 3.019758290645975229e-01 1.067391304347825587e-01 2.430946488485839774e-01 1.139130434782609225e-01 2.574139058922670364e-01 1.165217391304347316e-01 2.756188053576364982e-01
1.130434782608695787e-01 2.531984972415499691e-01 1.128260869565217428e-01 2.537563125277314535e-01 1.078260869565217384e-01 2.476366255847544107e-01 1.110869565217391663e-01 2.636320510835511999e-01
9.630434782608698896e-02 2.242561963458999108e-01 9.695652173913038574e-02 2.278125357833066522e-01 1.006521739130434856e-01 2.293395540136717869e-01 1.073913043478260665e-01 2.490311107028873316e-01
1.078260869565217384e-01 2.426583537843909344e-01 1.080434782608695743e-01 2.430904916395094650e-01 1.184782608695652550e-01 2.724045133077365732e-01 1.234782608695652595e-01 2.770080903894182600e-01
1.156521739130434989e-01 2.647753765353760280e-01 9.739130434782605761e-02 2.341417075062446063e-01 1.054347826086956541e-01 2.449391407629232797e-01 1.102173913043478226e-01 2.600851493533834491e-01
1.006521739130434856e-01 2.325612644904267723e-01 1.008695652173913215e-01 2.375136901060465322e-01 1.119565217391303991e-01 2.437387185462499828e-01 1.134782608695652506e-01 2.568701093622718368e-01
1.043478260869564744e-01 2.337831241704064200e-01 1.043478260869564744e-01 2.366839421003707478e-01 1.115217391304347272e-01 2.546653488538916377e-01 1.167391304347825676e-01 2.675620991897376677e-01
9.369565217391306877e-02 2.208022500676021793e-01 9.369565217391306877e-02 2.253464867797980165e-01 1.073913043478260665e-01 2.440987573240729624e-01 1.073913043478260665e-01 2.427010545282338727e-01
9.695652173913038574e-02 2.219384832431544330e-01 9.739130434782605761e-02 2.252867548823492827e-01 1.080434782608695743e-01 2.479225201955122526e-01 1.113043478260870023e-01 2.617027501767009157e-01
1.021739130434782261e-01 2.294189939599184380e-01 1.019565217391303902e-01 2.303003018432142057e-01 1.008695652173913215e-01 2.660181371874656420e-01 1.052173913043478182e-01 2.725168357162228161e-01
1.041304347826087495e-01 2.323521809464256516e-01 1.043478260869564744e-01 2.346005109448165704e-01 1.149999999999999911e-01 2.684374694887028956e-01 1.202173913043478315e-01 2.804633701838924464e-01
9.717391304347822167e-02 2.290749980292745847e-01 9.695652173913038574e-02 2.298574728938289624e-01 9.999999999999997780e-02 2.541403250038554718e-01 1.030434782608695699e-01 2.630589392970110185e-01
9.978260869565214186e-02 2.334464842132952245e-01 1.002173913043478137e-01 2.371781737815986391e-01 1.097826086956521507e-01 2.508302484275052313e-01 1.102173913043478226e-01 2.677113947141462336e-01
1.004347826086956497e-01 2.335535801675272805e-01 9.978260869565214186e-02 2.350186924629642238e-01 1.017391304347825542e-01 2.429064895703701710e-01 1.069565217391303946e-01 2.612676370641704993e-01
1.086956521739130821e-01 2.337987524820629992e-01 1.082608695652174102e-01 2.359814336804192947e-01 1.136956521739130865e-01 2.555792546834275147e-01 1.158695652173913349e-01 2.667389345610423623e-01
1.056521739130434900e-01 2.341144803531162999e-01 1.056521739130434900e-01 2.347794356896352186e-01 1.049999999999999822e-01 2.512420758240946350e-01 1.060869565217391619e-01 2.601994950286442010e-01
1.008695652173913215e-01 2.309726254397388157e-01 1.008695652173913215e-01 2.343446793486733681e-01 1.113043478260870023e-01 2.610994537185873376e-01 1.115217391304347272e-01 2.690478997128277761e-01
9.934782608695646999e-02 2.326289572149236318e-01 9.999999999999997780e-02 2.363118861934273562e-01 1.078260869565217384e-01 2.456082014218173293e-01 1.134782608695652506e-01 2.654446687859683407e-01
1.015217391304348293e-01 2.385279069254244988e-01 1.013043478260869934e-01 2.418822653818749613e-01 1.165217391304347316e-01 2.670320808690266889e-01 1.184782608695652550e-01 2.907364864626438838e-01
9.630434782608698896e-02 2.250734170464673001e-01 9.717391304347822167e-02 2.294029287636147885e-01 1.017391304347825542e-01 2.417459351080265550e-01 1.571739130434782750e-01 5.263539312188266761e-01
9.999999999999997780e-02 2.319561845529442001e-01 1.006521739130434856e-01 2.351192367696844643e-01 1.047826086956521463e-01 2.338596187523792891e-01 1.084782608695652462e-01 2.503444474206870107e-01
1.015217391304348293e-01 2.351084326048107354e-01 1.006521739130434856e-01 2.403542559893200037e-01 1.099999999999999867e-01 2.406244755924714651e-01 1.132608695652174147e-01 2.587860987695370096e-01
1.271739130434782483e-01 2.704277273277362337e-01 1.058695652173913260e-01 2.441320317993210531e-01 1.086956521739130821e-01 2.619174259096418989e-01 1.097826086956521507e-01 2.754460761583359396e-01
1.043478260869564744e-01 2.374294197743144208e-01 1.043478260869564744e-01 2.390388836521271654e-01 1.139130434782609225e-01 2.695018081423719014e-01 1.221739130434782439e-01 2.848497723516703051e-01
1.082608695652174102e-01 2.449603243244070638e-01 1.084782608695652462e-01 2.451189793683172247e-01 1.058695652173913260e-01 2.644217139580510301e-01 1.073913043478260665e-01 2.726453137574427199e-01
1.052173913043478182e-01 2.358045933169573283e-01 1.052173913043478182e-01 2.373414652777837142e-01 1.113043478260870023e-01 2.644477307466848170e-01 1.158695652173913349e-01 2.839498363663443548e-01
9.978260869565214186e-02 2.235821652159449835e-01 9.913043478260874508e-02 2.258221677138581851e-01 1.021739130434782261e-01 2.361434375863289414e-01 1.047826086956521463e-01 2.578441233916384800e-01
9.673913043478266083e-02 2.271219135549762680e-01 9.630434782608698896e-02 2.304710460798116423e-01 1.167391304347825676e-01 2.673131041207998382e-01 1.226086956521739157e-01 2.855929115364976845e-01
1.021739130434782261e-01 2.355155218321922095e-01 1.030434782608695699e-01 2.357639601190417433e-01 1.004347826086956497e-01 2.409911772296966515e-01 1.017391304347825542e-01 2.507549796991149771e-01
9.586956521739131709e-02 2.368303916674715792e-01 9.673913043478266083e-02 2.410392756426766869e-01 1.028260869565217339e-01 2.333730624437883039e-01 1.065217391304348338e-01 2.464814691381425893e-01
1.123913043478260709e-01 2.450592923599441142e-01 1.126086956521739069e-01 2.466546472278799140e-01 1.171739130434782394e-01 2.712163099064120453e-01 1.197826086956521596e-01 2.803426971862224559e-01
9.934782608695646999e-02 2.295541994128726671e-01 9.869565217391307321e-02 2.327067094409302761e-01 1.082608695652174102e-01 2.465292863535689383e-01 1.139130434782609225e-01 2.613850965769785040e-01
1.021739130434782261e-01 2.278276399404398911e-01 1.023913043478260620e-01 2.290520612805027056e-01 1.054347826086956541e-01 2.500162190782084237e-01 1.099999999999999867e-01 2.655005885288954093e-01
9.391304347826090471e-02 2.222937261119542762e-01 9.434782608695657657e-02 2.265790197350317225e-01 1.067391304347825587e-01 2.427769457351437177e-01 1.128260869565217428e-01 2.642291736335766195e-01
1.034782608695652417e-01 2.358448760265106636e-01 1.034782608695652417e-01 2.367262275140750716e-01 1.128260869565217428e-01 2.611449021646946589e-01 1.180434782608695832e-01 2.725684344891798894e-01
1.019565217391303902e-01 2.260518527519753684e-01 1.010869565217391575e-01 2.282018569020683174e-01 1.082608695652174102e-01 2.438927362318978609e-01 1.093478260869564789e-01 2.581561436840635881e-01
1.039130434782609136e-01 2.386120681607636629e-01 1.036956521739130777e-01 2.399878779826070396e-01 1.136956521739130865e-01 2.495795451031316003e-01 1.141304347826086474e-01 2.722431372114327286e-01
9.391304347826090471e-02 2.264194437792192982e-01 9.478260869565213742e-02 2.282744805440909963e-01 9.760869565217389354e-02 2.448955786581481497e-01 1.013043478260869934e-01 2.551913903012827389e-01
9.369565217391306877e-02 2.281739971479082030e-01 9.326086956521739690e-02 2.308969875988365339e-01 1.021739130434782261e-01 2.482953535835892844e-01 1.093478260869564789e-01 2.697581737008365454e-01
1.195652173913043237e-01 2.793358282334013065e-01 1.097826086956521507e-01 2.721312065735339014e-01 1.084782608695652462e-01 2.559980549632968061e-01 1.145652173913043192e-01 2.668972493770562782e-01
9.804347826086956541e-02 2.218033583296124267e-01 9.826086956521740134e-02 2.240617917512183754e-01 1.095652173913043148e-01 2.572439371679182130e-01 1.128260869565217428e-01 2.642246436861746539e-01
9.891304347826090915e-02 2.271000582192466699e-01 9.934782608695646999e-02 2.300171003838653583e-01 1.091304347826086429e-01 2.548761590845309288e-01 1.230434782608695876e-01 2.862380411797810775e-01
1.034782608695652417e-01 2.372832196794219528e-01 1.019565217391303902e-01 2.382717390386752121e-01 1.121739130434782350e-01 2.548276078056562199e-01 1.171739130434782394e-01 2.734852581932373794e-01
9.782608695652172948e-02 2.262881140716895279e-01 9.760869565217389354e-02 2.275253100711331633e-01 1.067391304347825587e-01 2.577504409814888042e-01 1.119565217391303991e-01 2.708852735051249794e-01
1.043478260869564744e-01 2.386285316979276649e-01 1.045652173913043104e-01 2.388342511373544030e-01 1.082608695652174102e-01 2.562546021884296588e-01 1.126086956521739069e-01 2.745167347629182686e-01
9.695652173913038574e-02 2.241456393934970481e-01 9.760869565217389354e-02 2.267436061268640335e-01 1.047826086956521463e-01 2.493641464857978829e-01 1.086956521739130821e-01 2.639458642158222235e-01
1.139130434782609225e-01 2.581116968204909545e-01 1.132608695652174147e-01 2.578097040189741285e-01 1.136956521739130865e-01 2.616062253661001202e-01 1.193478260869564878e-01 2.805874336892430487e-01
9.543478260869564522e-02 2.194116018007896129e-01 9.434782608695657657e-02 2.231219962011141977e-01 9.760869565217389354e-02 2.277095242363555982e-01 9.934782608695646999e-02 2.422930627539880144e-01
1.008695652173913215e-01 2.361762017342710351e-01 1.021739130434782261e-01 2.379302983890706491e-01 1.047826086956521463e-01 2.501645240655210323e-01 1.086956521739130821e-01 2.741094096585631745e-01
1.023913043478260620e-01 2.316567737835915075e-01 1.017391304347825542e-01 2.323944037487921388e-01 1.015217391304348293e-01 2.442090516912475417e-01 1.065217391304348338e-01 2.577586479015503973e-01
1.054347826086956541e-01 2.310828614935321323e-01 1.054347826086956541e-01 2.330954079222411213e-01 1.108695652173913304e-01 2.571830189450658444e-01 1.163043478260870067e-01 2.700717639428958927e-01
9.586956521739131709e-02 2.262386397096595447e-01 9.543478260869564522e-02 2.296732699258048904e-01 1.063043478260869978e-01 2.511535189780839672e-01 1.095652173913043148e-01 2.664010075894799323e-01
1.032608695652174058e-01 2.340440133585998395e-01 1.023913043478260620e-01 2.362584875620720726e-01 1.091304347826086429e-01 2.481920850477338236e-01 3.699999999999999956e-01 6.598769131903864382e-01
9.739130434782605761e-02 2.273988154887477131e-01 9.652173913043482489e-02 2.315459840750139497e-01 1.060869565217391619e-01 2.425207033706158199e-01 1.102173913043478226e-01 2.565756406854483029e-01
