1.134693877551020691e-01 2.483464792107865915e-01 1.130612244897959418e-01 2.482572267005345168e-01 1.165306122448979131e-01 2.526579320472762680e-01 1.157142857142857695e-01 2.537590629496558892e-01
1.128571428571428781e-01 2.425890976267606192e-01 1.124489795918367507e-01 2.435705863265082149e-01 1.099999999999999867e-01 2.394294243432688041e-01 1.097959183673469230e-01 2.389051974797740951e-01
1.081632653061224136e-01 2.393779301451900154e-01 1.087755102040816046e-01 2.394137055587044483e-01 1.067346938775509679e-01 2.367348947133020853e-01 1.077551020408162863e-01 2.367852402361353137e-01
1.138775510204081964e-01 2.388687472824841951e-01 1.126530612244898144e-01 2.397006417961745350e-01 1.130612244897959418e-01 2.415137753932436182e-01 1.120408163265306234e-01 2.410672919227061228e-01
1.022448979591836782e-01 2.363918838359081731e-01 1.016326530612244872e-01 2.374029962094433288e-01 1.016326530612244872e-01 2.347706419623488416e-01 1.006122448979591688e-01 2.339737198270489815e-01
1.002040816326530415e-01 2.294434589823443893e-01 1.004081632653061051e-01 2.326060448100703004e-01 1.002040816326530415e-01 2.317493148096057554e-01 1.002040816326530415e-01 2.300811291968531680e-01
1.046938775510204422e-01 2.448149338199426817e-01 1.053061224489796333e-01 2.446244330318753102e-01 1.067346938775509679e-01 2.467997516586536433e-01 1.057142857142857606e-01 2.480507067237139873e-01
1.089795918367346683e-01 2.365066838007786054e-01 1.077551020408162863e-01 2.370031237240128319e-01 1.048979591836735059e-01 2.369198841497426600e-01 1.057142857142857606e-01 2.368444355950633795e-01
9.999999999999997780e-02 2.279946757604813801e-01 9.857142857142853209e-02 2.301364774345896480e-01 9.775510204081627741e-02 2.271329024099208727e-01 9.795918367346934108e-02 2.262781712348189422e-01
9.612244897959187906e-02 2.264138004016130745e-01 9.653061224489800640e-02 2.291482636787047777e-01 9.693877551020413375e-02 2.257299427179918494e-01 9.836734693877546842e-02 2.244624097498921778e-01
1.012244897959183598e-01 2.392865477014183562e-01 1.018367346938775508e-01 2.404776336449399587e-01 1.004081632653061051e-01 2.362407695044402567e-01 9.877551020408159577e-02 2.354688782570441286e-01
1.010204081632652962e-01 2.356204301643294585e-01 1.016326530612244872e-01 2.390996645350307592e-01 1.002040816326530415e-01 2.358883736175101109e-01 1.006122448979591688e-01 2.327110904714759232e-01
1.085714285714285410e-01 2.414521958475083774e-01 1.083673469387754773e-01 2.407898892473856189e-01 1.069387755102040316e-01 2.402325842279182111e-01 1.067346938775509679e-01 2.418281972172394989e-01
1.008163265306122325e-01 2.401467234457107802e-01 9.979591836734691412e-02 2.410989607562745995e-01 1.006122448979591688e-01 2.409107872707864362e-01 1.002040816326530415e-01 2.410561773149610953e-01
1.012244897959183598e-01 2.337078327495898944e-01 1.006122448979591688e-01 2.375415501429148368e-01 9.979591836734691412e-02 2.356069309602913109e-01 9.918367346938772311e-02 2.334815778982016199e-01
1.036734693877551239e-01 2.492227520355360382e-01 1.028571428571428692e-01 2.480186524612869869e-01 1.110204081632653050e-01 2.513171455941233812e-01 1.120408163265306234e-01 2.533871787187179647e-01
1.034693877551020602e-01 2.331825006628335806e-01 1.036734693877551239e-01 2.348998194524581362e-01 1.030612244897959329e-01 2.345174627222436636e-01 1.026530612244898055e-01 2.340972304654283520e-01
1.118367346938775597e-01 2.470804011211516771e-01 1.110204081632653050e-01 2.453755792163743454e-01 1.081632653061224136e-01 2.436658298856420879e-01 1.083673469387754773e-01 2.451167850495844791e-01
1.091836734693877320e-01 2.335706248043436795e-01 1.079591836734693500e-01 2.347185376443142180e-01 1.053061224489796333e-01 2.354882077566917975e-01 1.069387755102040316e-01 2.352091288461848895e-01
9.795918367346934108e-02 2.307733178531054252e-01 9.612244897959187906e-02 2.323181800518780427e-01 9.673469387755107007e-02 2.312998312342026130e-01 9.693877551020413375e-02 2.303416080592351201e-01
9.979591836734691412e-02 2.378565593087259566e-01 9.999999999999997780e-02 2.378605603659258161e-01 1.046938775510204422e-01 2.547045924658415395e-01 1.040816326530612512e-01 2.577512984366842619e-01
1.146938775510204511e-01 2.486292459748777051e-01 1.144897959183673875e-01 2.488450410148503877e-01 1.112244897959183687e-01 2.537556973019500228e-01 1.106122448979591777e-01 2.532839340751441570e-01
1.134693877551020691e-01 2.483464792107865915e-01 1.130612244897959418e-01 2.482685849360816155e-01 1.165306122448979131e-01 2.526552924669440703e-01 1.157142857142857695e-01 2.537611450217763798e-01
1.128571428571428781e-01 2.425890976267606192e-01 1.124489795918367507e-01 2.436075062840300509e-01 1.099999999999999867e-01 2.394266825103160412e-01 1.097959183673469230e-01 2.389048072266156952e-01
1.081632653061224136e-01 2.393779301451900154e-01 1.087755102040816046e-01 2.394132056630167704e-01 1.067346938775509679e-01 2.367393515567697559e-01 1.077551020408162863e-01 2.367865320287271813e-01
1.138775510204081964e-01 2.388687472824841951e-01 1.126530612244898144e-01 2.397238301876011279e-01 1.128571428571428781e-01 2.415098411382994026e-01 1.120408163265306234e-01 2.410724152261417563e-01
1.022448979591836782e-01 2.363918838359081731e-01 1.016326530612244872e-01 2.373632616919662264e-01 1.016326530612244872e-01 2.347635557054144895e-01 1.006122448979591688e-01 2.339743392577097181e-01
1.002040816326530415e-01 2.294434589823443893e-01 1.004081632653061051e-01 2.326152029852368852e-01 1.002040816326530415e-01 2.317508174972193746e-01 1.002040816326530415e-01 2.300775703382709203e-01
1.046938775510204422e-01 2.448149338199426817e-01 1.053061224489796333e-01 2.446057283270702265e-01 1.067346938775509679e-01 2.468043452295431150e-01 1.057142857142857606e-01 2.480513089388262649e-01
1.089795918367346683e-01 2.365066838007786054e-01 1.077551020408162863e-01 2.369908478615012082e-01 1.051020408163265696e-01 2.369162650587147700e-01 1.057142857142857606e-01 2.368403303341101163e-01
9.999999999999997780e-02 2.279946757604813801e-01 9.877551020408159577e-02 2.301064149333170161e-01 9.775510204081627741e-02 2.271372252717611673e-01 9.795918367346934108e-02 2.262771562053332297e-01
9.612244897959187906e-02 2.264138004016130745e-01 9.653061224489800640e-02 2.291479149493800826e-01 9.693877551020413375e-02 2.257250702228701666e-01 9.836734693877546842e-02 2.244604052223528046e-01
1.012244897959183598e-01 2.392865477014183562e-01 1.018367346938775508e-01 2.404514398318895185e-01 1.004081632653061051e-01 2.362394975754424920e-01 9.877551020408159577e-02 2.354711280637073745e-01
1.010204081632652962e-01 2.356204301643294585e-01 1.016326530612244872e-01 2.391745397078607893e-01 1.002040816326530415e-01 2.358890696409987608e-01 1.006122448979591688e-01 2.327112365295878615e-01
1.085714285714285410e-01 2.414521958475083774e-01 1.083673469387754773e-01 2.407643445028750662e-01 1.069387755102040316e-01 2.402302969515527076e-01 1.067346938775509679e-01 2.418282781100467294e-01
1.008163265306122325e-01 2.401467234457107802e-01 9.979591836734691412e-02 2.410708086302697228e-01 1.006122448979591688e-01 2.409098194920675229e-01 1.002040816326530415e-01 2.410588932725203082e-01
1.012244897959183598e-01 2.337078327495898944e-01 1.006122448979591688e-01 2.375472258403964476e-01 9.979591836734691412e-02 2.356133700539248810e-01 9.918367346938772311e-02 2.334796202890880024e-01
1.036734693877551239e-01 2.492227520355360382e-01 1.028571428571428692e-01 2.480071156619569894e-01 1.110204081632653050e-01 2.513287901157008619e-01 1.120408163265306234e-01 2.533844213226900122e-01
1.034693877551020602e-01 2.331825006628335806e-01 1.036734693877551239e-01 2.348964250131888309e-01 1.030612244897959329e-01 2.345206110342046568e-01 1.026530612244898055e-01 2.340976873354140009e-01
1.118367346938775597e-01 2.470804011211516771e-01 1.108163265306122414e-01 2.452230503392977268e-01 1.081632653061224136e-01 2.436511347227981461e-01 1.081632653061224136e-01 2.451095859320933934e-01
1.091836734693877320e-01 2.335706248043436795e-01 1.079591836734693500e-01 2.347407250323946259e-01 1.053061224489796333e-01 2.354748544425411538e-01 1.069387755102040316e-01 2.352056116221674376e-01
9.795918367346934108e-02 2.307733178531054252e-01 9.612244897959187906e-02 2.322838067076705426e-01 9.673469387755107007e-02 2.313019233643235084e-01 9.693877551020413375e-02 2.303404286895125164e-01
1.051020408163265696e-01 2.347477494381466634e-01 1.034693877551020602e-01 2.358709274849378479e-01 1.057142857142857606e-01 2.414132243787018017e-01 1.048979591836735059e-01 2.405003382823137081e-01
9.795918367346934108e-02 2.331684529456943267e-01 9.877551020408159577e-02 2.332794104997740758e-01 1.014285714285714235e-01 2.351804932026186068e-01 1.014285714285714235e-01 2.359562432439078206e-01
1.124489795918367507e-01 2.423697854682582975e-01 1.106122448979591777e-01 2.412989106544143059e-01 1.095918367346938593e-01 2.386788787837955950e-01 1.099999999999999867e-01 2.404544512743819751e-01
1.014285714285714235e-01 2.275347212730977342e-01 1.016326530612244872e-01 2.296658612748247175e-01 1.061224489795918879e-01 2.307384319799361261e-01 1.055102040816326969e-01 2.305717141864810915e-01
1.102040816326530503e-01 2.561220225611065548e-01 1.104081632653061140e-01 2.545208663374526892e-01 1.136734693877551328e-01 2.637521328850158664e-01 1.118367346938775597e-01 2.652526425574651681e-01
9.836734693877546842e-02 2.284914314344249353e-01 9.938775510204078678e-02 2.310414993019480334e-01 9.897959183673465944e-02 2.302680731614660803e-01 9.938775510204078678e-02 2.286052296755465008e-01
1.010204081632652962e-01 2.320232647088939781e-01 1.012244897959183598e-01 2.345197127464268005e-01 9.959183673469385045e-02 2.330538598934244754e-01 1.002040816326530415e-01 2.316041437918775203e-01
1.091836734693877320e-01 2.391768752814890375e-01 1.087755102040816046e-01 2.412623298787227033e-01 1.061224489795918879e-01 2.369372738771559905e-01 1.051020408163265696e-01 2.350238920764034511e-01
1.024489795918367419e-01 2.379444255724999790e-01 1.018367346938775508e-01 2.397373487829867200e-01 1.032653061224489965e-01 2.362362060643941608e-01 1.026530612244898055e-01 2.351323805866949446e-01
1.006122448979591688e-01 2.406442071401762028e-01 1.012244897959183598e-01 2.440016595983214021e-01 1.014285714285714235e-01 2.403946888301063123e-01 1.016326530612244872e-01 2.380596097552069579e-01
1.028571428571428692e-01 2.323750372087104998e-01 1.030612244897959329e-01 2.312607075195737549e-01 1.038775510204081876e-01 2.373448879735903516e-01 1.034693877551020602e-01 2.389181906076003337e-01
9.653061224489800640e-02 2.270231014349167464e-01 9.775510204081627741e-02 2.294154109367280148e-01 9.999999999999997780e-02 2.278172487239049360e-01 9.857142857142853209e-02 2.268203021781118323e-01
1.044897959183673786e-01 2.469270244909089196e-01 1.051020408163265696e-01 2.440031430260282130e-01 1.026530612244898055e-01 2.552325938263863003e-01 1.016326530612244872e-01 2.584836575395646485e-01
9.714285714285719742e-02 2.325735846218040248e-01 9.734693877551015007e-02 2.340691834603112753e-01 9.877551020408159577e-02 2.343287903513280590e-01 9.877551020408159577e-02 2.339754634629829799e-01
1.002040816326530415e-01 2.416924395666659731e-01 1.008163265306122325e-01 2.438212751059926631e-01 1.034693877551020602e-01 2.442475429616098315e-01 1.026530612244898055e-01 2.434335718424710804e-01
1.067346938775509679e-01 2.441971538900857830e-01 1.075510204081632226e-01 2.427138420350445080e-01 1.067346938775509679e-01 2.395984563575878634e-01 1.067346938775509679e-01 2.407045194740232152e-01
1.004081632653061051e-01 2.307694383431695972e-01 1.010204081632652962e-01 2.322847749595333688e-01 1.030612244897959329e-01 2.355263890397582272e-01 1.026530612244898055e-01 2.352889597162248492e-01
1.065306122448979043e-01 2.438585823536335018e-01 1.055102040816326969e-01 2.439031707781586233e-01 1.059183673469388243e-01 2.429172783067967689e-01 1.057142857142857606e-01 2.434547387863752743e-01
1.102040816326530503e-01 2.479183171876593039e-01 1.102040816326530503e-01 2.467320345203038723e-01 1.091836734693877320e-01 2.478178195725737609e-01 1.087755102040816046e-01 2.486042109033205771e-01
1.006122448979591688e-01 2.321911853643322254e-01 1.010204081632652962e-01 2.357601240914608542e-01 9.877551020408159577e-02 2.311873906708467319e-01 9.959183673469385045e-02 2.282678231307577466e-01
1.020408163265306145e-01 2.290154087977905040e-01 1.012244897959183598e-01 2.308492550252223552e-01 1.024489795918367419e-01 2.280081660349354833e-01 1.018367346938775508e-01 2.269836311330480361e-01
1.073469387755101589e-01 2.482796086564071081e-01 1.077551020408162863e-01 2.472410457107938886e-01 1.057142857142857606e-01 2.531097100600708250e-01 1.046938775510204422e-01 2.557933812049333899e-01
9.714285714285719742e-02 2.262639771569984193e-01 9.714285714285719742e-02 2.275942088635813931e-01 9.734693877551015007e-02 2.279875119588147259e-01 9.734693877551015007e-02 2.274436161040048199e-01
1.046938775510204422e-01 2.381793947586902382e-01 1.048979591836735059e-01 2.417081628747445310e-01 1.040816326530612512e-01 2.381850274183806015e-01 1.030612244897959329e-01 2.352457272823604839e-01
1.061224489795918879e-01 2.449455987810108815e-01 1.059183673469388243e-01 2.431788863704127390e-01 1.022448979591836782e-01 2.391788567975489666e-01 1.024489795918367419e-01 2.407029691894602419e-01
9.612244897959187906e-02 2.301342323121767508e-01 9.734693877551015007e-02 2.320456152899435243e-01 9.530612244897962437e-02 2.281154126703698326e-01 9.510204081632656070e-02 2.263527040670146595e-01
1.008163265306122325e-01 2.332376568137196626e-01 9.999999999999997780e-02 2.331733198595831169e-01 9.938775510204078678e-02 2.411111617973279997e-01 1.004081632653061051e-01 2.441519930175658215e-01
1.102040816326530503e-01 2.383784971454769586e-01 1.095918367346938593e-01 2.406524841740264042e-01 1.114285714285714324e-01 2.401427821474010904e-01 1.108163265306122414e-01 2.387652577056887104e-01
1.034693877551020602e-01 2.362435786391402226e-01 1.030612244897959329e-01 2.375841995561001618e-01 1.053061224489796333e-01 2.359652600591387595e-01 1.042857142857143149e-01 2.358308591096300866e-01
1.055102040816326969e-01 2.379202693892077669e-01 1.063265306122449516e-01 2.405117705218212942e-01 1.053061224489796333e-01 2.414508312182057637e-01 1.057142857142857606e-01 2.409427636411676510e-01
9.877551020408159577e-02 2.346766761547348645e-01 9.857142857142853209e-02 2.359432384168679842e-01 1.016326530612244872e-01 2.365897996026121441e-01 1.014285714285714235e-01 2.363082555412807095e-01
1.016326530612244872e-01 2.343001388269657925e-01 1.010204081632652962e-01 2.369611608001325198e-01 1.091836734693877320e-01 2.494576821518490750e-01 1.091836734693877320e-01 2.515159992359662922e-01
1.104081632653061140e-01 2.471936219681923341e-01 1.099999999999999867e-01 2.471452615550237542e-01 1.091836734693877320e-01 2.536410619171204361e-01 1.089795918367346683e-01 2.546884079651649535e-01
9.877551020408159577e-02 2.302597267761772315e-01 9.775510204081627741e-02 2.341679137188052429e-01 9.857142857142853209e-02 2.317439482043525956e-01 9.816326530612240475e-02 2.293002153393580433e-01
1.079591836734693500e-01 2.406215469178344946e-01 1.083673469387754773e-01 2.437567238535633951e-01 1.061224489795918879e-01 2.407189530507098940e-01 1.051020408163265696e-01 2.386087740513048727e-01
1.124489795918367507e-01 2.376308131331021922e-01 1.116326530612244960e-01 2.380031832520363155e-01 1.077551020408162863e-01 2.336656196224213833e-01 1.081632653061224136e-01 2.329936087657035471e-01
1.038775510204081876e-01 2.319678119305970121e-01 1.036734693877551239e-01 2.333171811839356291e-01 1.075510204081632226e-01 2.379842822457995666e-01 1.083673469387754773e-01 2.366805801642269114e-01
1.006122448979591688e-01 2.404278432415213607e-01 1.002040816326530415e-01 2.380818909107274561e-01 1.016326530612244872e-01 2.546577172673185063e-01 1.006122448979591688e-01 2.623672452213655082e-01
1.055102040816326969e-01 2.469894191143685580e-01 1.067346938775509679e-01 2.474676812721288699e-01 1.122448979591836871e-01 2.585602439260696328e-01 1.114285714285714324e-01 2.609859622888586195e-01
1.063265306122449516e-01 2.396080209986776732e-01 1.063265306122449516e-01 2.421018103399782406e-01 1.073469387755101589e-01 2.393673200049573346e-01 1.065306122448979043e-01 2.372529573515572976e-01
1.051020408163265696e-01 2.412229888701637459e-01 1.057142857142857606e-01 2.397240264337748006e-01 1.051020408163265696e-01 2.386606360776596936e-01 1.051020408163265696e-01 2.414662327827636901e-01
1.028571428571428692e-01 2.398422134526972394e-01 1.024489795918367419e-01 2.412371446027588850e-01 1.061224489795918879e-01 2.422681768708059569e-01 1.051020408163265696e-01 2.412366095796113774e-01
1.022448979591836782e-01 2.460625651693773008e-01 1.018367346938775508e-01 2.467781674740738562e-01 1.089795918367346683e-01 2.584964919906306280e-01 1.087755102040816046e-01 2.594276732726419343e-01
1.008163265306122325e-01 2.338621874941915757e-01 1.008163265306122325e-01 2.350472697569391811e-01 1.040816326530612512e-01 2.342599606753498487e-01 1.051020408163265696e-01 2.329133124619978679e-01
9.530612244897962437e-02 2.321383203873947088e-01 9.530612244897962437e-02 2.343781277263461693e-01 9.632653061224494273e-02 2.329919398848060430e-01 9.612244897959187906e-02 2.318534467966953116e-01
1.051020408163265696e-01 2.418909831752181772e-01 1.055102040816326969e-01 2.451192105872951887e-01 1.063265306122449516e-01 2.431221995820321280e-01 1.053061224489796333e-01 2.404969148869958162e-01
1.059183673469388243e-01 2.557847895862026544e-01 1.038775510204081876e-01 2.563750684431631011e-01 1.038775510204081876e-01 2.546349812549472680e-01 1.030612244897959329e-01 2.552123612924365736e-01
1.085714285714285410e-01 2.321831605980659852e-01 1.085714285714285410e-01 2.335024328416908934e-01 1.085714285714285410e-01 2.409370638818096044e-01 1.073469387755101589e-01 2.410850602083433603e-01
9.877551020408159577e-02 2.265014135451514921e-01 9.816326530612240475e-02 2.286035732058724901e-01 1.008163265306122325e-01 2.287678570676531797e-01 9.979591836734691412e-02 2.278851422122005477e-01
1.126530612244898144e-01 2.502041390880166416e-01 1.116326530612244960e-01 2.488590035942365719e-01 1.075510204081632226e-01 2.481294134116660555e-01 1.085714285714285410e-01 2.496971035908073788e-01
1.093877551020407957e-01 2.490635930180477020e-01 1.091836734693877320e-01 2.484484198075911920e-01 1.083673469387754773e-01 2.511530999612687776e-01 1.085714285714285410e-01 2.532622066222078305e-01
1.095918367346938593e-01 2.464599682141377923e-01 1.087755102040816046e-01 2.466901365909737187e-01 1.075510204081632226e-01 2.482531435797775132e-01 1.075510204081632226e-01 2.492869368315605016e-01
1.075510204081632226e-01 2.396546949732966947e-01 1.077551020408162863e-01 2.422548095873890417e-01 1.067346938775509679e-01 2.394383412752738860e-01 1.069387755102040316e-01 2.375552536943855986e-01
9.591836734693881539e-02 2.300663748360731731e-01 9.612244897959187906e-02 2.335289787107561188e-01 9.857142857142853209e-02 2.328030573174327267e-01 9.755102040816321374e-02 2.309982613175498023e-01
1.044897959183673786e-01 2.351511657098445673e-01 1.046938775510204422e-01 2.366580539942617356e-01 9.959183673469385045e-02 2.368387458426029490e-01 1.004081632653061051e-01 2.363308302969311103e-01
9.979591836734691412e-02 2.334078558198489362e-01 9.999999999999997780e-02 2.386196516614711716e-01 9.979591836734691412e-02 2.356688929101783403e-01 9.999999999999997780e-02 2.315341330224645888e-01
1.036734693877551239e-01 2.320881622549691992e-01 1.034693877551020602e-01 2.326731014207586989e-01 1.038775510204081876e-01 2.354684895986134396e-01 1.042857142857143149e-01 2.349071348409658144e-01
1.008163265306122325e-01 2.304900465143261135e-01 1.006122448979591688e-01 2.325168259948032223e-01 1.016326530612244872e-01 2.340403087753818445e-01 1.024489795918367419e-01 2.334972711947495283e-01
