2.597402597402597157e-01 5.325902955081429635e-01 2.597402597402597157e-01 5.295110358246331028e-01 2.727272727272727071e-01 5.319138377203296297e-01 2.727272727272727071e-01 5.352548995942454368e-01
3.506493506493506551e-01 5.981899993506514246e-01 3.506493506493506551e-01 5.931928938888141323e-01 3.506493506493506551e-01 6.012601090609793753e-01 3.506493506493506551e-01 6.067298749600117391e-01
2.727272727272727071e-01 5.400380345759553391e-01 2.727272727272727071e-01 5.364683095982686334e-01 2.597402597402597157e-01 5.349166100507566357e-01 2.727272727272727071e-01 5.381902563524563199e-01
2.337662337662337331e-01 4.937049138714507124e-01 2.337662337662337331e-01 4.959659573857646553e-01 2.337662337662337331e-01 4.942966221752682632e-01 2.337662337662337331e-01 4.918617987715748208e-01
3.246753246753246724e-01 6.406666530374472979e-01 3.246753246753246724e-01 6.262657718661025497e-01 3.246753246753246724e-01 6.244482613978573626e-01 3.246753246753246724e-01 6.385476662717602947e-01
3.116883116883116811e-01 5.703668459486100906e-01 2.987012987012986898e-01 5.676254785269001513e-01 3.116883116883116811e-01 5.670438013938173816e-01 2.987012987012986898e-01 5.696002125209690403e-01
2.337662337662337331e-01 5.202533371158355457e-01 2.337662337662337331e-01 5.184044986143357958e-01 2.467532467532467244e-01 5.194161619288137910e-01 2.337662337662337331e-01 5.210379466394917669e-01
2.857142857142856984e-01 5.986067905146567059e-01 2.857142857142856984e-01 5.893347389917541479e-01 2.727272727272727071e-01 5.871099400617664221e-01 2.727272727272727071e-01 5.958034124985227553e-01
3.116883116883116811e-01 5.488724691699723435e-01 3.116883116883116811e-01 5.476368553994102051e-01 3.116883116883116811e-01 5.444403880890329450e-01 3.116883116883116811e-01 5.451328801861300422e-01
3.116883116883116811e-01 5.681368810759768184e-01 2.857142857142856984e-01 5.637141773475471407e-01 2.987012987012986898e-01 5.629351889189934122e-01 2.857142857142856984e-01 5.667881915418861993e-01
2.727272727272727071e-01 5.395867617115367443e-01 2.727272727272727071e-01 5.380454962748931758e-01 2.597402597402597157e-01 5.379659730110397664e-01 2.597402597402597157e-01 5.393660428697307774e-01
2.987012987012986898e-01 5.857084401251090311e-01 2.987012987012986898e-01 5.780519201927376560e-01 3.116883116883116811e-01 5.747950961965804240e-01 3.116883116883116811e-01 5.816134679028445165e-01
2.987012987012986898e-01 5.427578697958437282e-01 2.987012987012986898e-01 5.425700070525334429e-01 2.987012987012986898e-01 5.407223666081590885e-01 2.987012987012986898e-01 5.404531861945792715e-01
2.337662337662337331e-01 4.944350254842636572e-01 2.467532467532467244e-01 4.981758259519178389e-01 2.337662337662337331e-01 4.975150633511027931e-01 2.337662337662337331e-01 4.935445388284325219e-01
1.818181818181817677e-01 4.439978693851801550e-01 1.818181818181817677e-01 4.514581916553059848e-01 1.688311688311687764e-01 4.532943543645078233e-01 1.818181818181817677e-01 4.458772837422996238e-01
3.246753246753246724e-01 6.390882293069742870e-01 3.246753246753246724e-01 6.292485457554293227e-01 3.246753246753246724e-01 6.278971839927612875e-01 3.246753246753246724e-01 6.374285416844009955e-01
2.077922077922077504e-01 4.818388313671857492e-01 2.077922077922077504e-01 4.843632595254270812e-01 2.077922077922077504e-01 4.850485190838287886e-01 2.077922077922077504e-01 4.822866488186275946e-01
2.337662337662337331e-01 4.606256455318909482e-01 2.337662337662337331e-01 4.672528068998566542e-01 2.337662337662337331e-01 4.669184317616099644e-01 2.337662337662337331e-01 4.602206343839584379e-01
2.337662337662337331e-01 5.500124958905305839e-01 2.337662337662337331e-01 5.438847823918226965e-01 2.337662337662337331e-01 5.412170998582350734e-01 2.337662337662337331e-01 5.464767713605653832e-01
2.727272727272727071e-01 5.298601729558621853e-01 2.857142857142856984e-01 5.286679465317263293e-01 2.857142857142856984e-01 5.261204544560468266e-01 2.857142857142856984e-01 5.267740449471355335e-01
2.727272727272727071e-01 5.469446321557109858e-01 2.727272727272727071e-01 5.414716162623002260e-01 2.727272727272727071e-01 5.397462489648182649e-01 2.727272727272727071e-01 5.445065778772771869e-01
3.116883116883116811e-01 5.326271944340372766e-01 3.116883116883116811e-01 5.344912240961152694e-01 3.116883116883116811e-01 5.327041292145658913e-01 3.116883116883116811e-01 5.304548924972358748e-01
3.116883116883116811e-01 5.940420869680653748e-01 3.246753246753246724e-01 5.866499661069822791e-01 3.246753246753246724e-01 5.929212744038863114e-01 3.116883116883116811e-01 6.007587499423936439e-01
2.597402597402597157e-01 5.010951966064198793e-01 2.597402597402597157e-01 5.045143809248422428e-01 2.597402597402597157e-01 5.047524774284853910e-01 2.597402597402597157e-01 5.011625882130884557e-01
2.207792207792207417e-01 4.807729306901135091e-01 2.207792207792207417e-01 4.888981517486126194e-01 2.207792207792207417e-01 4.896127548222928838e-01 2.207792207792207417e-01 4.813788935844440231e-01
2.857142857142856984e-01 5.571410632297262300e-01 2.857142857142856984e-01 5.546391065369432605e-01 2.857142857142856984e-01 5.502698809297954519e-01 2.857142857142856984e-01 5.520413028965265312e-01
3.116883116883116811e-01 6.175458377970626245e-01 3.116883116883116811e-01 6.097078165220137791e-01 2.857142857142856984e-01 6.107749844461157762e-01 2.857142857142856984e-01 6.183742512343245457e-01
2.597402597402597157e-01 5.967049520171096022e-01 2.467532467532467244e-01 5.901828658037999720e-01 2.597402597402597157e-01 6.160557918309279568e-01 2.597402597402597157e-01 6.307362658462799532e-01
1.818181818181817677e-01 4.467692233400595847e-01 1.818181818181817677e-01 4.572502700640330153e-01 1.818181818181817677e-01 4.599883491427678717e-01 1.688311688311687764e-01 4.495729473447471758e-01
1.558441558441558961e-01 4.695785361536946589e-01 1.558441558441558961e-01 4.741596775941843145e-01 1.558441558441558961e-01 4.751327543353786598e-01 1.558441558441558961e-01 4.705993861663843592e-01
2.857142857142856984e-01 5.712335521392692961e-01 2.857142857142856984e-01 5.676232521770423478e-01 2.857142857142856984e-01 5.663822786479520976e-01 2.857142857142856984e-01 5.695148699952354843e-01
3.116883116883116811e-01 5.873551543623526383e-01 3.116883116883116811e-01 5.826543298866655451e-01 2.857142857142856984e-01 5.719051601812962238e-01 2.987012987012986898e-01 5.782643692964182236e-01
2.987012987012986898e-01 5.819361582628045371e-01 2.987012987012986898e-01 5.721373566594397664e-01 2.987012987012986898e-01 5.705061931087503924e-01 2.987012987012986898e-01 5.798810017754727486e-01
2.207792207792207417e-01 4.351622135435688765e-01 2.207792207792207417e-01 4.429961283660640570e-01 2.077922077922077504e-01 4.438493794901106071e-01 2.077922077922077504e-01 4.356988421378212295e-01
2.337662337662337331e-01 4.236715714094568264e-01 2.207792207792207417e-01 4.353347020892381347e-01 2.207792207792207417e-01 4.377830192801804299e-01 2.207792207792207417e-01 4.261110330078164421e-01
2.207792207792207417e-01 4.646845144012087814e-01 2.207792207792207417e-01 4.724454756847459858e-01 2.207792207792207417e-01 4.735633156263630017e-01 2.207792207792207417e-01 4.658126879409069665e-01
2.727272727272727071e-01 5.273750305646993652e-01 2.727272727272727071e-01 5.281232757165341685e-01 2.727272727272727071e-01 5.286068495455974459e-01 2.727272727272727071e-01 5.277521148214903146e-01
2.337662337662337331e-01 5.224103499272920725e-01 2.337662337662337331e-01 5.193979242085833281e-01 2.207792207792207417e-01 5.187110374636182408e-01 2.207792207792207417e-01 5.214300059091976358e-01
2.207792207792207417e-01 5.444436625521127393e-01 2.207792207792207417e-01 5.422548039878049009e-01 2.207792207792207417e-01 5.418921567879617651e-01 2.207792207792207417e-01 5.434834912037493915e-01
3.116883116883116811e-01 5.691515964415581053e-01 3.116883116883116811e-01 5.647549251095721479e-01 2.857142857142856984e-01 5.635959468015959706e-01 2.857142857142856984e-01 5.675501316496532889e-01
2.467532467532467244e-01 5.623127002257871654e-01 2.467532467532467244e-01 5.549700931111920532e-01 2.337662337662337331e-01 5.570643422881805806e-01 2.467532467532467244e-01 5.640549811969221006e-01
2.467532467532467244e-01 5.202292755214509290e-01 2.467532467532467244e-01 5.254333618840717479e-01 2.337662337662337331e-01 5.290479399718996945e-01 2.337662337662337331e-01 5.241284373448819034e-01
2.597402597402597157e-01 5.551879842034749268e-01 2.597402597402597157e-01 5.519935827923015959e-01 2.467532467532467244e-01 5.507855673797006357e-01 2.467532467532467244e-01 5.535071754887771478e-01
2.077922077922077504e-01 4.853955954626137381e-01 1.818181818181817677e-01 4.905477148517321528e-01 1.818181818181817677e-01 4.923585044150977641e-01 1.948051948051947591e-01 4.872466697629759813e-01
3.896103896103896291e-01 6.569266450555613091e-01 3.896103896103896291e-01 6.420963970031368095e-01 3.766233766233766378e-01 6.425052373817913276e-01 3.766233766233766378e-01 6.575555479486929755e-01
2.077922077922077504e-01 4.711914502324631160e-01 2.207792207792207417e-01 4.750207383999522914e-01 2.207792207792207417e-01 4.747274140829655376e-01 2.207792207792207417e-01 4.704549974565088166e-01
2.987012987012986898e-01 6.030928995305424589e-01 2.987012987012986898e-01 5.959630847793442321e-01 3.116883116883116811e-01 5.975116015776721357e-01 2.987012987012986898e-01 6.049260586910463200e-01
2.857142857142856984e-01 5.822394727603569242e-01 2.857142857142856984e-01 5.728893264049848000e-01 2.727272727272727071e-01 5.713283566277592707e-01 2.727272727272727071e-01 5.803315622772731164e-01
2.857142857142856984e-01 5.272204581445836258e-01 2.857142857142856984e-01 5.244929812558229987e-01 2.857142857142856984e-01 5.235352122683555320e-01 2.857142857142856984e-01 5.257580597192742511e-01
3.376623376623376638e-01 6.339334845282362796e-01 3.246753246753246724e-01 6.179070078278559031e-01 3.246753246753246724e-01 6.115169842726039251e-01 3.246753246753246724e-01 6.261906994955003247e-01
2.727272727272727071e-01 5.432693990091125302e-01 2.857142857142856984e-01 5.423312291993602763e-01 2.727272727272727071e-01 5.410418418353595271e-01 2.727272727272727071e-01 5.417970172602031287e-01
2.467532467532467244e-01 5.150675130650471667e-01 2.467532467532467244e-01 5.175681350668479563e-01 2.467532467532467244e-01 5.154347876639174819e-01 2.467532467532467244e-01 5.126502315666858767e-01
2.597402597402597157e-01 5.285067269102150522e-01 2.597402597402597157e-01 5.294495322299886952e-01 2.727272727272727071e-01 5.293753724846574915e-01 2.597402597402597157e-01 5.281206035072970595e-01
2.987012987012986898e-01 5.959916580658148888e-01 3.116883116883116811e-01 5.872284517243101520e-01 3.116883116883116811e-01 5.869424967851795127e-01 3.116883116883116811e-01 5.954698959651356649e-01
2.987012987012986898e-01 5.566211792875933595e-01 3.116883116883116811e-01 5.552166785141238181e-01 2.727272727272727071e-01 5.560206712117574668e-01 2.987012987012986898e-01 5.572263875295487834e-01
3.116883116883116811e-01 5.442169982244310367e-01 2.987012987012986898e-01 5.439501901202037359e-01 2.857142857142856984e-01 5.407056448397763448e-01 2.857142857142856984e-01 5.404537652800165404e-01
2.467532467532467244e-01 4.875328026972444717e-01 2.597402597402597157e-01 4.924497927899754712e-01 2.597402597402597157e-01 4.944284462165861593e-01 2.597402597402597157e-01 4.895606706492346971e-01
2.597402597402597157e-01 5.237234001331805278e-01 2.597402597402597157e-01 5.265492750486574502e-01 2.597402597402597157e-01 5.288852873181517644e-01 2.597402597402597157e-01 5.262565582705354128e-01
3.376623376623376638e-01 5.928335311319655743e-01 3.376623376623376638e-01 5.843329984272943589e-01 3.376623376623376638e-01 5.859317295384346425e-01 3.376623376623376638e-01 5.941759722897936857e-01
3.766233766233766378e-01 6.361802675336289958e-01 3.766233766233766378e-01 6.240762397095970249e-01 3.636363636363636465e-01 6.229039748331435256e-01 3.636363636363636465e-01 6.348360320196523299e-01
2.857142857142856984e-01 5.911961982003084426e-01 2.857142857142856984e-01 5.805122208569509779e-01 2.987012987012986898e-01 5.804269344592531965e-01 2.987012987012986898e-01 5.904306607550530162e-01
2.467532467532467244e-01 5.188217325922220846e-01 2.467532467532467244e-01 5.196608983703998597e-01 2.597402597402597157e-01 5.227770566215906856e-01 2.467532467532467244e-01 5.214639250615924482e-01
2.597402597402597157e-01 4.788453628940050333e-01 2.597402597402597157e-01 4.854437238331336113e-01 2.467532467532467244e-01 4.868863990248084028e-01 2.597402597402597157e-01 4.800780533552294060e-01
3.376623376623376638e-01 5.824013200014968028e-01 3.376623376623376638e-01 5.769376348620304240e-01 3.376623376623376638e-01 5.737968423994707079e-01 3.376623376623376638e-01 5.789208924684868807e-01
2.467532467532467244e-01 5.259937940727521521e-01 2.467532467532467244e-01 5.235210385971624802e-01 2.467532467532467244e-01 5.261042103041915219e-01 2.727272727272727071e-01 5.286796599881945502e-01
2.987012987012986898e-01 5.201830815806197661e-01 2.987012987012986898e-01 5.221068035170330912e-01 2.987012987012986898e-01 5.215148599437496868e-01 2.987012987012986898e-01 5.193755627202595315e-01
2.337662337662337331e-01 4.833210464958494490e-01 2.337662337662337331e-01 4.897807822422688417e-01 2.207792207792207417e-01 4.935126584284040829e-01 2.207792207792207417e-01 4.872151552139565300e-01
2.857142857142856984e-01 5.882155415331049575e-01 2.857142857142856984e-01 5.798267248266102403e-01 2.857142857142856984e-01 5.801090471533635329e-01 2.857142857142856984e-01 5.882731887516841063e-01
2.337662337662337331e-01 5.414002310939812768e-01 2.337662337662337331e-01 5.387442233429271532e-01 2.207792207792207417e-01 5.411743077900437182e-01 2.207792207792207417e-01 5.436170791392513912e-01
2.077922077922077504e-01 4.955163119663053561e-01 2.077922077922077504e-01 4.988002260583135894e-01 1.948051948051947591e-01 4.981875705084801154e-01 2.077922077922077504e-01 4.944464040977514796e-01
1.818181818181817677e-01 4.870593387473176050e-01 1.818181818181817677e-01 4.888622096572579623e-01 1.818181818181817677e-01 4.903200561730896578e-01 1.818181818181817677e-01 4.883273113504367768e-01
2.207792207792207417e-01 5.324192302944698030e-01 2.207792207792207417e-01 5.254350223099267803e-01 2.207792207792207417e-01 5.256132877964536654e-01 2.207792207792207417e-01 5.322286479570549345e-01
2.987012987012986898e-01 5.653378781232246686e-01 2.987012987012986898e-01 5.611942468706414555e-01 2.987012987012986898e-01 5.581067798293057880e-01 2.987012987012986898e-01 5.614854485242564142e-01
2.727272727272727071e-01 4.722546189712744091e-01 2.597402597402597157e-01 4.780695794982749436e-01 2.597402597402597157e-01 4.779448465772873078e-01 2.597402597402597157e-01 4.719004922499167587e-01
2.727272727272727071e-01 5.731580886914054984e-01 2.727272727272727071e-01 5.672383603988314649e-01 2.727272727272727071e-01 5.634563682043818300e-01 2.727272727272727071e-01 5.685948665184334949e-01
2.857142857142856984e-01 5.001772259455234959e-01 2.857142857142856984e-01 5.046069031231715796e-01 2.857142857142856984e-01 5.039831022239630309e-01 2.857142857142856984e-01 4.991974486331794969e-01
2.857142857142856984e-01 5.629367651464513012e-01 2.857142857142856984e-01 5.626169045195587026e-01 2.987012987012986898e-01 5.636209846025364012e-01 2.987012987012986898e-01 5.640093116947618723e-01
1.818181818181817677e-01 4.799681832422177385e-01 1.948051948051947591e-01 4.842862582475377375e-01 1.948051948051947591e-01 4.849559264356903543e-01 1.948051948051947591e-01 4.805757591662828676e-01
2.597402597402597157e-01 5.239015423788810910e-01 2.467532467532467244e-01 5.206782540603898113e-01 2.467532467532467244e-01 5.176717419268134224e-01 2.467532467532467244e-01 5.203037441737857760e-01
2.207792207792207417e-01 4.883637649011993709e-01 2.207792207792207417e-01 4.897385604195303443e-01 2.207792207792207417e-01 4.913311220322142958e-01 2.207792207792207417e-01 4.901634931590413968e-01
3.376623376623376638e-01 6.397059689741984023e-01 3.376623376623376638e-01 6.258919424740769788e-01 3.376623376623376638e-01 6.259465953638712055e-01 3.376623376623376638e-01 6.399636743311355458e-01
1.558441558441558961e-01 4.478163202716218816e-01 1.558441558441558961e-01 4.565135129417464688e-01 1.558441558441558961e-01 4.584845949613992055e-01 1.558441558441558961e-01 4.499416525320561466e-01
2.987012987012986898e-01 5.785299683970274165e-01 3.116883116883116811e-01 5.714559035061402836e-01 3.246753246753246724e-01 5.745718309839344951e-01 3.246753246753246724e-01 5.816347493500293453e-01
2.467532467532467244e-01 5.201093168656580890e-01 2.467532467532467244e-01 5.178088862415975990e-01 2.467532467532467244e-01 5.195371222970903702e-01 2.467532467532467244e-01 5.215358226475070857e-01
3.506493506493506551e-01 6.124717126364785935e-01 3.506493506493506551e-01 6.055258907885007202e-01 3.376623376623376638e-01 5.998496149068982541e-01 3.506493506493506551e-01 6.058183854318466288e-01
2.207792207792207417e-01 4.556134101796304736e-01 2.207792207792207417e-01 4.606271337184300596e-01 2.077922077922077504e-01 4.594104993536320403e-01 2.077922077922077504e-01 4.538714547813321176e-01
2.987012987012986898e-01 5.409265550752340168e-01 2.987012987012986898e-01 5.400672084831309450e-01 2.987012987012986898e-01 5.427491395327542767e-01 2.987012987012986898e-01 5.438688145184702449e-01
2.727272727272727071e-01 4.893448035638474636e-01 2.727272727272727071e-01 4.962431238519210974e-01 2.727272727272727071e-01 4.956784627143621669e-01 2.727272727272727071e-01 4.885508822480352231e-01
2.337662337662337331e-01 5.721816474985536027e-01 2.337662337662337331e-01 5.660203291706247253e-01 2.207792207792207417e-01 5.711875072324944513e-01 2.207792207792207417e-01 5.775171185933531959e-01
2.727272727272727071e-01 5.300047371329286161e-01 2.857142857142856984e-01 5.279957546544484792e-01 2.857142857142856984e-01 5.273170653245734529e-01 2.857142857142856984e-01 5.290496990262003596e-01
3.116883116883116811e-01 5.826370570451445685e-01 3.116883116883116811e-01 5.785003497929089855e-01 3.116883116883116811e-01 5.754344819941585865e-01 3.116883116883116811e-01 5.789996427314004768e-01
2.597402597402597157e-01 5.415730543544159392e-01 2.467532467532467244e-01 5.416615710417883589e-01 2.467532467532467244e-01 5.512802754437403641e-01 2.467532467532467244e-01 5.521358043017549067e-01
2.987012987012986898e-01 5.728899980670111303e-01 2.987012987012986898e-01 5.675171919379895513e-01 3.116883116883116811e-01 5.764189885373791622e-01 3.246753246753246724e-01 5.801800185345502570e-01
2.077922077922077504e-01 4.678314184059960690e-01 2.207792207792207417e-01 4.738687136043834291e-01 2.077922077922077504e-01 4.760000830991045762e-01 2.207792207792207417e-01 4.699055082770826619e-01
2.337662337662337331e-01 4.978307436681845832e-01 2.337662337662337331e-01 5.042415966482955980e-01 2.337662337662337331e-01 5.023060142155663099e-01 2.337662337662337331e-01 4.955721705018138468e-01
1.688311688311687764e-01 4.363719212485343002e-01 1.688311688311687764e-01 4.439794534271444548e-01 1.688311688311687764e-01 4.464145373928831151e-01 1.688311688311687764e-01 4.389013063427404937e-01
1.688311688311687764e-01 4.764713105088864142e-01 1.688311688311687764e-01 4.840469885745098400e-01 1.688311688311687764e-01 4.859431325913525779e-01 1.688311688311687764e-01 4.784300922826645319e-01
2.727272727272727071e-01 6.063961380940032786e-01 2.727272727272727071e-01 5.943924889025236080e-01 2.597402597402597157e-01 5.940556277305131250e-01 2.597402597402597157e-01 6.056917348566432935e-01
3.116883116883116811e-01 5.611197227588318182e-01 3.116883116883116811e-01 5.564478752924948424e-01 2.987012987012986898e-01 5.527673223242581813e-01 3.116883116883116811e-01 5.567662421385008997e-01
2.337662337662337331e-01 4.941217965055600958e-01 2.207792207792207417e-01 4.996832430158578142e-01 2.207792207792207417e-01 4.989890954852264637e-01 2.207792207792207417e-01 4.930697997844836200e-01
