4.449999999999999512e-01 7.091936183630026536e-01 4.449999999999999512e-01 7.046547449372283500e-01 4.449999999999999512e-01 6.638717130597028282e-01 4.449999999999999512e-01 6.658324995798232671e-01
4.124999999999999778e-01 6.873911162983281642e-01 4.124999999999999778e-01 6.845415982349152273e-01 4.124999999999999778e-01 6.286956533626977262e-01 4.124999999999999778e-01 6.294542026579921234e-01
4.350000000000000533e-01 7.023800305235465835e-01 4.350000000000000533e-01 6.978343153441980418e-01 4.350000000000000533e-01 6.979591658812460686e-01 4.350000000000000533e-01 7.022404186895181422e-01
4.549999999999999600e-01 7.153579052155969453e-01 4.549999999999999600e-01 7.103987350908177456e-01 4.549999999999999600e-01 7.080916823208436295e-01 4.549999999999999600e-01 7.125591814558712711e-01
4.449999999999999512e-01 6.985988854718746532e-01 4.449999999999999512e-01 6.960809283483513354e-01 4.449999999999999512e-01 6.940841832308176640e-01 4.449999999999999512e-01 6.962307854162986809e-01
4.250000000000000444e-01 6.932146393134889228e-01 4.250000000000000444e-01 6.902651084362118050e-01 4.150000000000000355e-01 6.286965332980496424e-01 4.150000000000000355e-01 6.288692444345744814e-01
4.324999999999999956e-01 6.939735046803172658e-01 4.324999999999999956e-01 6.914719990929192317e-01 4.324999999999999956e-01 6.902537868042596392e-01 4.324999999999999956e-01 6.924383306572652330e-01
nan nan nan nan nan nan nan nan
4.525000000000000133e-01 7.370605175843647494e-01 4.525000000000000133e-01 7.278480814713356173e-01 4.525000000000000133e-01 7.248222780812365595e-01 4.525000000000000133e-01 7.333844220387483182e-01
4.599999999999999645e-01 7.093542725071102506e-01 4.599999999999999645e-01 7.057745142208484701e-01 4.375000000000000000e-01 6.394647243666946590e-01 4.399999999999999467e-01 6.397889268394417739e-01
4.324999999999999956e-01 6.877999402289549646e-01 4.324999999999999956e-01 6.866575394134062371e-01 4.324999999999999956e-01 6.859250553440158216e-01 4.324999999999999956e-01 6.868602560706257298e-01
4.599999999999999645e-01 7.232287597839307525e-01 4.599999999999999645e-01 7.171871659013244749e-01 4.725000000000000311e-01 6.531973758436555588e-01 4.725000000000000311e-01 6.546434238004010808e-01
4.425000000000000044e-01 7.108297300822534748e-01 4.425000000000000044e-01 7.057717574898296764e-01 4.425000000000000044e-01 7.037583942647682722e-01 4.425000000000000044e-01 7.083562318089591248e-01
4.749999999999999778e-01 7.377941403724775915e-01 4.749999999999999778e-01 7.302402028557962721e-01 4.749999999999999778e-01 7.269383809818140696e-01 4.749999999999999778e-01 7.338957928834746181e-01
4.449999999999999512e-01 6.964377826357704970e-01 4.449999999999999512e-01 6.943335886586620154e-01 4.525000000000000133e-01 6.350915358155765356e-01 4.525000000000000133e-01 6.352593179144815361e-01
4.499999999999999556e-01 7.048130280256047486e-01 4.499999999999999556e-01 7.014382126278723151e-01 4.499999999999999556e-01 6.997576120588684390e-01 4.499999999999999556e-01 7.027864270507805378e-01
4.375000000000000000e-01 6.986472306755660000e-01 4.375000000000000000e-01 6.955831207387216386e-01 4.375000000000000000e-01 6.938788936289248532e-01 4.375000000000000000e-01 6.965639148618351095e-01
4.625000000000000222e-01 7.079876488553290548e-01 4.625000000000000222e-01 7.047971554893619484e-01 4.625000000000000222e-01 7.028230622151593332e-01 4.625000000000000222e-01 7.056310224925097518e-01
4.050000000000000266e-01 6.779175619127822960e-01 4.050000000000000266e-01 6.766911038372809273e-01 4.050000000000000266e-01 6.758887649359983651e-01 4.050000000000000266e-01 6.768550639946023795e-01
4.499999999999999556e-01 7.022331894877509306e-01 4.499999999999999556e-01 6.993577604248674140e-01 4.499999999999999556e-01 6.985785218148192754e-01 4.499999999999999556e-01 7.012636004184499283e-01
4.174999999999999822e-01 7.027609568345682955e-01 4.174999999999999822e-01 6.969884076973268394e-01 4.174999999999999822e-01 6.561996034460555460e-01 4.174999999999999822e-01 6.586982949388291431e-01
4.475000000000000089e-01 7.004418758481094631e-01 4.475000000000000089e-01 6.977253163116178269e-01 4.475000000000000089e-01 6.964171918290703589e-01 4.475000000000000089e-01 6.987936270614732992e-01
4.475000000000000089e-01 7.013995689625771579e-01 4.475000000000000089e-01 6.984982142680344896e-01 4.475000000000000089e-01 6.706016349373327134e-01 4.399999999999999467e-01 6.732999534516364015e-01
5.150000000000000133e-01 7.506914595833070747e-01 5.150000000000000133e-01 7.433958129981235174e-01 5.150000000000000133e-01 7.409297870468717351e-01 5.150000000000000133e-01 7.477571455815927859e-01
4.399999999999999467e-01 7.012494000490862023e-01 4.399999999999999467e-01 6.978423355826557373e-01 4.399999999999999467e-01 6.965658150299881557e-01 4.399999999999999467e-01 6.996415019349929709e-01
4.625000000000000222e-01 7.309004085394559258e-01 4.625000000000000222e-01 7.236839946823494518e-01 4.599999999999999645e-01 6.881022617906533689e-01 4.599999999999999645e-01 6.945070948451379511e-01
4.725000000000000311e-01 7.105112877800425775e-01 4.725000000000000311e-01 7.073998514460021481e-01 4.649999999999999689e-01 6.742311621885345163e-01 4.649999999999999689e-01 6.787431397941845468e-01
4.399999999999999467e-01 7.243875818666876132e-01 4.399999999999999467e-01 7.164541108713775586e-01 4.375000000000000000e-01 6.644276850017761804e-01 4.375000000000000000e-01 6.694547507681930520e-01
4.799999999999999822e-01 7.570352928679815463e-01 4.799999999999999822e-01 7.465350326991422314e-01 4.799999999999999822e-01 7.429303412940457818e-01 4.799999999999999822e-01 7.527297768338052641e-01
4.250000000000000444e-01 6.880313799238386707e-01 4.250000000000000444e-01 6.862310634982519142e-01 4.250000000000000444e-01 6.850788529328079024e-01 4.250000000000000444e-01 6.865695449645827786e-01
4.250000000000000444e-01 6.771801000001793636e-01 4.250000000000000444e-01 6.760367431290452700e-01 4.250000000000000444e-01 6.787200328941885852e-01 4.250000000000000444e-01 6.795829848302795684e-01
4.525000000000000133e-01 6.999168625674562216e-01 4.525000000000000133e-01 6.976023746337338682e-01 4.749999999999999778e-01 6.316914761992612481e-01 4.749999999999999778e-01 6.302123348200021624e-01
4.549999999999999600e-01 7.060294295102147455e-01 4.549999999999999600e-01 7.027550764409972173e-01 4.549999999999999600e-01 7.005493217886354929e-01 4.549999999999999600e-01 7.034289390409408371e-01
4.675000000000000266e-01 6.885924025952633309e-01 4.675000000000000266e-01 6.828131168539718354e-01 4.675000000000000266e-01 7.055472518089790368e-01 4.675000000000000266e-01 7.130225289250300413e-01
4.274999999999999911e-01 6.288543198330401873e-01 4.274999999999999911e-01 6.281501099308259839e-01 4.350000000000000533e-01 6.420664479495628019e-01 4.350000000000000533e-01 6.436604736882550748e-01
4.449999999999999512e-01 6.564548228667187457e-01 4.425000000000000044e-01 6.516293732786491155e-01 4.449999999999999512e-01 6.595301723343085509e-01 4.425000000000000044e-01 6.646255134335661285e-01
4.399999999999999467e-01 7.059481387129952212e-01 4.399999999999999467e-01 7.016381706784580174e-01 4.399999999999999467e-01 6.995960919457745453e-01 4.399999999999999467e-01 7.034661427501860409e-01
4.250000000000000444e-01 6.928661378631774115e-01 4.250000000000000444e-01 6.899796093581788137e-01 4.250000000000000444e-01 6.887801189640017085e-01 4.250000000000000444e-01 6.913429167217981508e-01
4.324999999999999956e-01 6.984644417560132990e-01 4.324999999999999956e-01 6.950327993293937690e-01 4.324999999999999956e-01 6.932343241315647164e-01 4.324999999999999956e-01 6.962459132066467493e-01
4.675000000000000266e-01 7.468793435311489315e-01 4.675000000000000266e-01 7.371871071503519612e-01 4.675000000000000266e-01 7.349071208254928100e-01 4.675000000000000266e-01 7.440497978325865125e-01
4.475000000000000089e-01 6.984415914208590426e-01 4.475000000000000089e-01 6.939611263320182299e-01 4.475000000000000089e-01 6.861317101083322934e-01 4.475000000000000089e-01 6.886008767630587002e-01
4.300000000000000488e-01 7.002491895540873257e-01 4.300000000000000488e-01 6.962589946425731258e-01 4.300000000000000488e-01 6.941927035658870260e-01 4.300000000000000488e-01 6.977362419687618278e-01
4.375000000000000000e-01 7.030763892605158549e-01 4.375000000000000000e-01 6.991159500584523956e-01 4.399999999999999467e-01 6.611968470054980784e-01 4.399999999999999467e-01 6.630221721152582681e-01
3.299999999999999600e-01 6.125684053560549458e-01 3.299999999999999600e-01 6.142169325167071703e-01 3.425000000000000266e-01 6.236637024175947230e-01 3.425000000000000266e-01 6.226618868814148833e-01
4.449999999999999512e-01 6.906223500075786559e-01 4.449999999999999512e-01 6.896806568796298720e-01 4.449999999999999512e-01 6.889282491679644682e-01 4.449999999999999512e-01 6.896663740590469605e-01
4.399999999999999467e-01 6.995163499307589516e-01 4.399999999999999467e-01 6.964453947334751094e-01 4.399999999999999467e-01 6.714826676332223965e-01 4.399999999999999467e-01 6.743825137648831181e-01
4.549999999999999600e-01 7.276230486081529669e-01 4.549999999999999600e-01 7.203901521347130243e-01 4.549999999999999600e-01 7.180540390899669001e-01 4.549999999999999600e-01 7.247589188958449835e-01
4.475000000000000089e-01 7.284856823534435755e-01 4.475000000000000089e-01 7.204794862732903926e-01 4.475000000000000089e-01 7.178331831694485521e-01 4.475000000000000089e-01 7.252837631566584342e-01
4.825000000000000400e-01 7.321237941650242664e-01 4.825000000000000400e-01 7.260057282829635028e-01 4.825000000000000400e-01 7.230118190604213346e-01 4.825000000000000400e-01 7.285939423175391561e-01
4.350000000000000533e-01 6.938140800768997085e-01 4.350000000000000533e-01 6.915287056358476736e-01 4.350000000000000533e-01 6.901707726918234753e-01 4.350000000000000533e-01 6.921309776447462925e-01
3.774999999999999467e-01 6.418888430287887914e-01 3.599999999999999867e-01 6.416993106497552724e-01 4.699999999999999734e-01 6.497849675768021527e-01 4.525000000000000133e-01 6.503751580420612521e-01
4.200000000000000400e-01 6.863452920144795799e-01 4.200000000000000400e-01 6.844934838998599780e-01 4.200000000000000400e-01 6.831931866246179208e-01 4.200000000000000400e-01 6.847316214090087838e-01
4.375000000000000000e-01 6.986540801952092483e-01 4.375000000000000000e-01 6.955815661879790612e-01 4.375000000000000000e-01 6.936903364152194884e-01 4.375000000000000000e-01 6.963552123925397241e-01
4.725000000000000311e-01 7.150753375559426583e-01 4.725000000000000311e-01 7.112411842812313978e-01 4.749999999999999778e-01 6.591848290132813482e-01 4.749999999999999778e-01 6.606082372461574703e-01
nan nan nan nan nan nan nan nan
4.375000000000000000e-01 6.512467871362656036e-01 4.375000000000000000e-01 6.496233647066226302e-01 4.350000000000000533e-01 6.642926844276234588e-01 4.324999999999999956e-01 6.663589884449536704e-01
4.675000000000000266e-01 7.450462509713023929e-01 4.675000000000000266e-01 7.354593961282003267e-01 4.675000000000000266e-01 7.154293615024666098e-01 4.675000000000000266e-01 7.230543263198299098e-01
4.399999999999999467e-01 6.394376755705147852e-01 4.399999999999999467e-01 6.382073344209545640e-01 4.525000000000000133e-01 6.533899417516003671e-01 4.525000000000000133e-01 6.557453363600558305e-01
4.324999999999999956e-01 7.062629870040920688e-01 4.324999999999999956e-01 7.012117149732969290e-01 4.324999999999999956e-01 6.988589112085636934e-01 4.324999999999999956e-01 7.034195109908232268e-01
4.375000000000000000e-01 7.057064562150607845e-01 4.375000000000000000e-01 7.012436157860940655e-01 4.375000000000000000e-01 6.992216100773169796e-01 4.375000000000000000e-01 7.032322713749643572e-01
nan nan nan nan nan nan nan nan
4.499999999999999556e-01 7.163839434780441273e-01 4.499999999999999556e-01 7.108520893189530510e-01 4.499999999999999556e-01 7.086605734059275852e-01 4.499999999999999556e-01 7.137522791619547169e-01
4.499999999999999556e-01 6.977937015476007865e-01 4.499999999999999556e-01 6.957123786679210165e-01 4.499999999999999556e-01 6.941458335349079967e-01 4.499999999999999556e-01 6.959037350411071410e-01
4.749999999999999778e-01 7.184256996842555143e-01 4.749999999999999778e-01 7.134556163514629290e-01 4.675000000000000266e-01 6.590412521144483060e-01 4.625000000000000222e-01 6.609846099174760958e-01
4.324999999999999956e-01 6.882638796130220449e-01 4.324999999999999956e-01 6.870191492515002052e-01 4.324999999999999956e-01 6.861349970234633666e-01 4.324999999999999956e-01 6.871225564699288135e-01
4.599999999999999645e-01 7.140594860719449155e-01 4.599999999999999645e-01 7.096595126214663152e-01 4.599999999999999645e-01 7.077998420041676786e-01 4.599999999999999645e-01 7.117815686664465957e-01
4.425000000000000044e-01 6.986620422918400353e-01 4.425000000000000044e-01 6.959489542143180163e-01 4.425000000000000044e-01 6.946351292163835955e-01 4.425000000000000044e-01 6.970271636880065458e-01
4.575000000000000178e-01 7.192787706127077296e-01 4.575000000000000178e-01 7.137865220359855822e-01 4.575000000000000178e-01 7.113926191520658637e-01 4.575000000000000178e-01 7.163804886749809420e-01
4.649999999999999689e-01 7.329318200274096418e-01 4.649999999999999689e-01 7.255128635542230642e-01 4.649999999999999689e-01 7.228901501420899045e-01 4.649999999999999689e-01 7.297458356505447385e-01
4.725000000000000311e-01 7.126274696399076403e-01 4.725000000000000311e-01 7.091961057533805457e-01 4.725000000000000311e-01 7.067692918785661860e-01 4.725000000000000311e-01 7.097875196659795272e-01
4.699999999999999734e-01 7.216502524815890940e-01 4.699999999999999734e-01 7.165625910152418898e-01 4.725000000000000311e-01 6.381583753398620829e-01 4.725000000000000311e-01 6.380270345314612568e-01
4.449999999999999512e-01 7.072012035904711169e-01 4.449999999999999512e-01 7.029218599030871983e-01 4.449999999999999512e-01 6.997480775147273402e-01 4.449999999999999512e-01 7.035819613362108704e-01
4.699999999999999734e-01 7.110604661850475905e-01 4.699999999999999734e-01 7.085946523862703961e-01 4.725000000000000311e-01 6.667434832254169885e-01 4.725000000000000311e-01 6.707031548145557798e-01
4.200000000000000400e-01 6.816387188676371611e-01 4.200000000000000400e-01 6.810308665259637850e-01 4.200000000000000400e-01 6.805567808950473419e-01 4.200000000000000400e-01 6.809876841221585986e-01
4.375000000000000000e-01 7.076584411915323169e-01 4.375000000000000000e-01 7.027861557095593792e-01 4.375000000000000000e-01 7.010320106751879443e-01 4.375000000000000000e-01 7.054331292915110296e-01
4.775000000000000355e-01 7.116864354739788068e-01 4.775000000000000355e-01 7.061070532360201879e-01 4.875000000000000444e-01 6.535625934371025458e-01 4.875000000000000444e-01 6.558368877721556522e-01
4.799999999999999822e-01 7.256300838376116280e-01 4.799999999999999822e-01 7.204575498769734132e-01 4.799999999999999822e-01 7.179012630454271182e-01 4.799999999999999822e-01 7.226149773207057869e-01
4.549999999999999600e-01 7.138224791506004863e-01 4.549999999999999600e-01 7.091350078277632862e-01 4.549999999999999600e-01 7.066454424637307330e-01 4.549999999999999600e-01 7.108676289398253578e-01
4.324999999999999956e-01 6.948129172731928316e-01 4.324999999999999956e-01 6.921394353455072590e-01 4.324999999999999956e-01 6.907736272231322916e-01 4.324999999999999956e-01 6.931099845153133598e-01
4.375000000000000000e-01 6.925001657423089929e-01 4.375000000000000000e-01 6.906829257001716460e-01 4.375000000000000000e-01 6.894659757831635982e-01 4.375000000000000000e-01 6.910136721985479236e-01
4.725000000000000311e-01 7.455068121253684010e-01 4.725000000000000311e-01 7.364509036401410969e-01 4.725000000000000311e-01 7.311539210734313565e-01 4.725000000000000311e-01 7.394560633323636889e-01
4.525000000000000133e-01 7.215792766923355694e-01 4.525000000000000133e-01 7.153088716343204423e-01 4.525000000000000133e-01 7.129246659874702852e-01 4.525000000000000133e-01 7.187042659987448179e-01
4.449999999999999512e-01 6.950133539588705389e-01 4.475000000000000089e-01 6.934730549101608688e-01 4.649999999999999689e-01 6.532756709951510476e-01 4.725000000000000311e-01 6.556762454122856409e-01
4.050000000000000266e-01 6.758115917987612686e-01 4.050000000000000266e-01 6.753142198895168979e-01 4.050000000000000266e-01 6.748818964765099793e-01 4.050000000000000266e-01 6.752023932426163277e-01
4.475000000000000089e-01 7.084540669746079988e-01 4.475000000000000089e-01 7.042107206112840911e-01 4.475000000000000089e-01 7.022049111756198947e-01 4.475000000000000089e-01 7.060325167513538114e-01
4.350000000000000533e-01 7.017769095643311417e-01 4.350000000000000533e-01 6.978667573812430414e-01 4.350000000000000533e-01 6.960237183943718264e-01 4.350000000000000533e-01 6.995075239327530614e-01
4.350000000000000533e-01 6.912651676388457123e-01 4.350000000000000533e-01 6.895314993584682473e-01 4.350000000000000533e-01 6.888907216832573788e-01 4.350000000000000533e-01 6.904031685635158011e-01
4.449999999999999512e-01 7.091936183630026536e-01 4.449999999999999512e-01 7.046540175816137230e-01 4.449999999999999512e-01 6.638730045782693656e-01 4.449999999999999512e-01 6.658352132131943879e-01
4.124999999999999778e-01 6.873911162983281642e-01 4.124999999999999778e-01 6.845420724364792431e-01 4.124999999999999778e-01 6.286936647216464502e-01 4.124999999999999778e-01 6.294525018797437754e-01
4.350000000000000533e-01 7.023800305235465835e-01 4.350000000000000533e-01 6.978343023835944514e-01 4.350000000000000533e-01 6.978732917350106701e-01 4.350000000000000533e-01 7.021463336951121459e-01
4.549999999999999600e-01 7.153579052155969453e-01 4.549999999999999600e-01 7.103980990453824251e-01 4.549999999999999600e-01 7.082217538076893693e-01 4.549999999999999600e-01 7.127018940432060523e-01
4.449999999999999512e-01 6.985988854718746532e-01 4.449999999999999512e-01 6.960803356922790064e-01 4.449999999999999512e-01 6.941416320741585766e-01 4.449999999999999512e-01 6.962940462603970371e-01
4.250000000000000444e-01 6.932146393134889228e-01 4.250000000000000444e-01 6.902650337683567949e-01 4.150000000000000355e-01 6.286966935549541668e-01 4.150000000000000355e-01 6.288696402617827141e-01
4.324999999999999956e-01 6.939735046803172658e-01 4.324999999999999956e-01 6.914720012841233387e-01 4.324999999999999956e-01 6.902585007841167686e-01 4.324999999999999956e-01 6.924423587059035379e-01
nan nan nan nan nan nan nan nan
4.525000000000000133e-01 7.370605175843647494e-01 4.525000000000000133e-01 7.278506441821567252e-01 4.525000000000000133e-01 7.247605066820740349e-01 4.525000000000000133e-01 7.333175389884771800e-01
4.599999999999999645e-01 7.093542725071102506e-01 4.599999999999999645e-01 7.057745112395881204e-01 4.375000000000000000e-01 6.394649823011091527e-01 4.399999999999999467e-01 6.397890097773377693e-01
4.324999999999999956e-01 6.877999402289549646e-01 4.324999999999999956e-01 6.866574923617551063e-01 4.324999999999999956e-01 6.859081170183872755e-01 4.324999999999999956e-01 6.868442099136572443e-01
4.599999999999999645e-01 7.232287597839307525e-01 4.599999999999999645e-01 7.171868025088070642e-01 4.725000000000000311e-01 6.531968047908773833e-01 4.725000000000000311e-01 6.546446845138019777e-01
4.425000000000000044e-01 7.108297300822534748e-01 4.425000000000000044e-01 7.057707396800405597e-01 4.425000000000000044e-01 7.037388586058819229e-01 4.425000000000000044e-01 7.083325203965302741e-01
