5.500000000000004885e-02 2.043843658035469080e-01 5.657142857142860581e-02 2.108225778630741232e-01 4.514285714285715123e-02 1.880261959179814479e-01 4.328571428571426072e-02 2.005748967772163771e-01
5.300000000000004707e-02 2.072734419507397396e-01 5.557142857142860493e-02 2.136720186706099756e-01 5.014285714285715567e-02 1.973662856015160616e-01 5.200000000000004619e-02 2.109726630775546619e-01
4.914285714285715478e-02 2.015461768555512623e-01 5.114285714285715656e-02 2.080695669094850264e-01 4.214285714285714857e-02 1.883058986709682525e-01 4.185714285714281502e-02 1.988590372033961218e-01
6.142857142857138797e-02 2.147399345470711873e-01 6.285714285714283367e-02 2.213534148476173913e-01 4.957142857142859960e-02 1.949540117617264978e-01 4.585714285714281857e-02 2.073467474742514693e-01
5.200000000000004619e-02 2.020790736455793657e-01 5.471428571428571530e-02 2.088115563221790150e-01 4.185714285714281502e-02 1.863071875477362860e-01 3.985714285714281324e-02 2.001077920423281198e-01
7.185714285714284166e-02 2.264053028830725345e-01 7.385714285714284344e-02 2.327690697759893790e-01 5.842857142857138530e-02 2.116406968757421070e-01 5.657142857142860581e-02 2.263698822494275564e-01
5.014285714285715567e-02 1.974607734496995337e-01 5.228571428571426871e-02 2.046365029596259599e-01 4.371428571428570553e-02 1.817147054080548441e-01 3.642857142857147679e-02 1.836256478669048009e-01
4.257142857142859338e-02 1.900246049148207328e-01 4.385714285714281679e-02 1.966266368806419973e-01 3.785714285714281147e-02 1.786662792686867784e-01 3.771428571428570020e-02 1.885116346144484478e-01
nan nan nan nan nan nan nan nan
3.600000000000003197e-02 1.879056543170392612e-01 3.742857142857147768e-02 1.947994282493230866e-01 3.142857142857147235e-02 1.806746651720035901e-01 3.585714285714280969e-02 1.971249981779839011e-01
4.314285714285714946e-02 1.992199043314264173e-01 4.571428571428570731e-02 2.062001636921240166e-01 3.714285714285714413e-02 1.864767344374500813e-01 3.571428571428569843e-02 2.003558251291871206e-01
4.471428571428570642e-02 1.973869026951431682e-01 4.614285714285715212e-02 2.039605243832247339e-01 4.014285714285714679e-02 1.864143743093971683e-01 4.385714285714281679e-02 2.025712348287734832e-01
5.142857142857137909e-02 2.038291760719782575e-01 5.357142857142860315e-02 2.108327523070535336e-01 4.357142857142859427e-02 1.858032998720366702e-01 4.057142857142859160e-02 1.878824061462751049e-01
5.614285714285716100e-02 2.090257547133471672e-01 5.871428571428571885e-02 2.155556608067680235e-01 4.942857142857137731e-02 1.958790616344086577e-01 5.671428571428571708e-02 2.184865155136778148e-01
6.214285714285716633e-02 2.248081342595922016e-01 6.528571428571428026e-02 2.306489457491000816e-01 5.557142857142860493e-02 2.059049614578692400e-01 5.371428571428571441e-02 2.196844041668678804e-01
nan nan nan nan nan nan nan nan
6.114285714285716544e-02 2.169395792786489030e-01 6.414285714285716811e-02 2.232335513169662888e-01 5.271428571428571352e-02 2.014948394744139615e-01 5.314285714285715834e-02 2.267442025331792843e-01
5.071428571428571175e-02 2.011374978126796442e-01 5.242857142857137998e-02 2.079808904169508366e-01 4.357142857142859427e-02 1.858539825778348364e-01 3.985714285714281324e-02 1.929903368499786276e-01
6.914285714285717255e-02 2.206224139969974740e-01 7.157142857142861914e-02 2.284674784527309654e-01 5.414285714285715923e-02 2.023652223928113225e-01 3.542857142857147590e-02 1.967090476817019984e-01
5.042857142857137820e-02 2.035800092856026589e-01 5.228571428571426871e-02 2.105711811884820595e-01 4.314285714285714946e-02 1.888401922241080555e-01 3.742857142857147768e-02 1.980019069015909183e-01
nan nan nan nan nan nan nan nan
5.828571428571427404e-02 2.181421075457782022e-01 6.100000000000005418e-02 2.251350739901916143e-01 4.842857142857137642e-02 2.016843789326466518e-01 4.042857142857148034e-02 2.118051381862844362e-01
4.900000000000004352e-02 2.037284950392852234e-01 5.100000000000004530e-02 2.106379988791558244e-01 4.200000000000003730e-02 1.926907216526036193e-01 3.785714285714281147e-02 2.040422092920396169e-01
4.157142857142859249e-02 1.920958969904308922e-01 4.342857142857148300e-02 1.990270594717919728e-01 3.671428571428569931e-02 1.801900087470659773e-01 3.585714285714280969e-02 1.952947514776460780e-01
5.171428571428571264e-02 2.004400121177119520e-01 5.471428571428571530e-02 2.071734878136428371e-01 4.528571428571426249e-02 1.904258750232853681e-01 4.271428571428570464e-02 2.014861641159561290e-01
6.100000000000005418e-02 2.132687578012249230e-01 6.328571428571427848e-02 2.197072785314281296e-01 5.228571428571426871e-02 1.972607880221107501e-01 4.528571428571426249e-02 2.055552925588718938e-01
5.285714285714282479e-02 2.008743024313057457e-01 5.471428571428571530e-02 2.074487355096016061e-01 4.700000000000004174e-02 1.909193791478070445e-01 4.485714285714281768e-02 2.007599361177129782e-01
5.800000000000005151e-02 2.111146480504094147e-01 6.085714285714283189e-02 2.177150171713073123e-01 5.100000000000004530e-02 1.987047314622049921e-01 4.414285714285715034e-02 2.064684606518354948e-01
5.657142857142860581e-02 2.100621296051735643e-01 5.885714285714283012e-02 2.164886702909461780e-01 4.857142857142859871e-02 1.951062552651656457e-01 4.471428571428570642e-02 2.062642101340358691e-01
nan nan nan nan nan nan nan nan
6.457142857142861292e-02 2.156917598695839988e-01 6.614285714285716988e-02 2.218841408633406842e-01 5.271428571428571352e-02 1.947367687712460438e-01 4.485714285714281768e-02 2.007514728350210109e-01
5.114285714285715656e-02 2.108496800866554166e-01 5.271428571428571352e-02 2.181036953799996014e-01 4.428571428571426161e-02 2.037396554214442046e-01 4.571428571428570731e-02 2.166486815436476920e-01
5.442857142857138175e-02 2.130267327970297719e-01 5.514285714285716011e-02 2.195156578927681679e-01 4.471428571428570642e-02 1.926277494295373094e-01 4.428571428571426161e-02 2.044083429523747553e-01
6.085714285714283189e-02 2.168425315877306470e-01 6.185714285714283278e-02 2.230201288801653414e-01 5.014285714285715567e-02 1.982437584595175828e-01 4.357142857142859427e-02 2.092386209785718487e-01
5.100000000000004530e-02 2.041731909469045592e-01 5.371428571428571441e-02 2.109388490647691738e-01 4.328571428571426072e-02 1.903841724892812448e-01 4.514285714285715123e-02 2.036877694483866796e-01
5.714285714285716189e-02 2.036199973634903182e-01 5.928571428571427493e-02 2.100269753374583992e-01 4.500000000000003997e-02 1.855420301935269689e-01 3.728571428571425539e-02 1.871144049572334156e-01
5.742857142857138442e-02 2.114893316305008486e-01 5.985714285714283101e-02 2.185297300654220620e-01 4.871428571428570997e-02 1.953666922910058390e-01 4.714285714285715301e-02 2.079773948198974931e-01
4.314285714285714946e-02 1.903376474861780410e-01 4.571428571428570731e-02 1.975825485410651339e-01 3.857142857142858983e-02 1.817668458870116688e-01 3.685714285714281058e-02 1.893034246972000456e-01
6.185714285714283278e-02 2.154641981553735985e-01 6.371428571428572329e-02 2.223268055415497380e-01 5.414285714285715923e-02 1.996404520267607008e-01 5.528571428571427138e-02 2.094866451424158005e-01
5.657142857142860581e-02 2.092866372787931528e-01 5.885714285714283012e-02 2.156986349975289485e-01 4.785714285714282035e-02 1.933608813275756733e-01 4.585714285714281857e-02 2.050714768555914613e-01
4.928571428571426605e-02 2.003711882526457433e-01 5.200000000000004619e-02 2.074616387563469333e-01 3.985714285714281324e-02 1.841541444717741671e-01 3.642857142857147679e-02 1.936562468523709835e-01
4.914285714285715478e-02 2.000381524360374808e-01 5.228571428571426871e-02 2.067011671912973025e-01 4.000000000000003553e-02 1.833650188631997524e-01 3.800000000000003375e-02 1.967208583688103973e-01
4.800000000000004263e-02 1.991303961109064657e-01 4.857142857142859871e-02 2.056359524897815039e-01 3.700000000000003286e-02 1.843610081898228725e-01 4.014285714285714679e-02 1.996115181690617801e-01
6.571428571428572507e-02 2.219887039196268841e-01 6.714285714285717077e-02 2.288652889213900754e-01 5.457142857142860404e-02 2.064035688356349874e-01 3.985714285714281324e-02 2.089733139810628637e-01
6.057142857142860937e-02 2.151578790041995815e-01 6.271428571428572241e-02 2.215021959418078390e-01 4.728571428571426427e-02 1.925912184320409948e-01 3.985714285714281324e-02 2.013231609555924118e-01
6.971428571428572862e-02 2.197470844022356429e-01 7.242857142857139774e-02 2.257530538006178589e-01 5.771428571428571797e-02 1.990477371667889739e-01 4.528571428571426249e-02 2.014734517923415791e-01
4.600000000000004086e-02 1.944384471281845050e-01 4.900000000000004352e-02 2.012413559623352222e-01 3.900000000000003464e-02 1.755943330694867410e-01 3.342857142857147412e-02 1.839122584166568430e-01
5.142857142857137909e-02 2.023782144332067212e-01 5.371428571428571441e-02 2.091866417349467211e-01 4.214285714285714857e-02 1.865188039551875787e-01 3.885714285714281235e-02 1.933140070097792429e-01
5.014285714285715567e-02 2.029980806931786508e-01 5.142857142857137909e-02 2.093555721096433120e-01 4.257142857142859338e-02 1.881473931408275679e-01 4.157142857142859249e-02 1.984130048460856777e-01
5.414285714285715923e-02 2.081673689603985300e-01 5.585714285714282745e-02 2.147229980672324123e-01 4.657142857142859693e-02 1.944312688715968407e-01 5.257142857142860226e-02 2.135836639849863772e-01
7.499999999999995559e-02 2.311910694747104922e-01 7.771428571428573573e-02 2.375284737511536293e-01 6.071428571428572063e-02 2.068280906012387177e-01 5.242857142857137998e-02 2.123547685113582606e-01
4.914285714285715478e-02 2.009950821755568662e-01 5.028571428571426694e-02 2.075843119743853438e-01 4.771428571428570908e-02 1.958166380002439588e-01 4.714285714285715301e-02 2.126182767255195283e-01
4.800000000000004263e-02 2.057691843611202942e-01 5.057142857142860048e-02 2.120190169186736695e-01 4.442857142857148389e-02 1.917262542851134455e-01 4.171428571428570375e-02 2.028426303981537004e-01
5.200000000000004619e-02 2.057378270465148873e-01 5.414285714285715923e-02 2.119748223494609674e-01 4.371428571428570553e-02 1.876114358343976274e-01 4.600000000000004086e-02 1.998148091979775609e-01
nan nan nan nan nan nan nan nan
4.114285714285714768e-02 1.895497434743816101e-01 4.442857142857148389e-02 1.964984285973994937e-01 3.528571428571425361e-02 1.758460074861881717e-01 3.028571428571424917e-02 1.837031417924391563e-01
5.214285714285715745e-02 2.067262381016660155e-01 5.328571428571426960e-02 2.134311379180891810e-01 4.471428571428570642e-02 1.938833989072870634e-01 3.885714285714281235e-02 1.985020340651876825e-01
6.742857142857139330e-02 2.194060724647797223e-01 6.899999999999995026e-02 2.254234632713764674e-01 5.214285714285715745e-02 1.918075187324140007e-01 4.200000000000003730e-02 2.013042987600680012e-01
3.957142857142859071e-02 1.875021798089642200e-01 4.028571428571425805e-02 1.935272923650100951e-01 3.500000000000003109e-02 1.718935455994552997e-01 3.985714285714281324e-02 1.870295456762378072e-01
6.028571428571427582e-02 2.132852930376538669e-01 6.442857142857139063e-02 2.198983407260935719e-01 5.085714285714282301e-02 1.972776977186891656e-01 4.157142857142859249e-02 2.067896397179549983e-01
4.557142857142859604e-02 2.032857910843492433e-01 4.800000000000004263e-02 2.100393607914740335e-01 3.871428571428570109e-02 1.854743548635605643e-01 3.642857142857147679e-02 1.982396004430780068e-01
4.657142857142859693e-02 1.960663179558537750e-01 4.771428571428570908e-02 2.028279956034697851e-01 3.842857142857147856e-02 1.821646421623154266e-01 3.928571428571425717e-02 2.002682057025765849e-01
5.128571428571426782e-02 2.046855633272244568e-01 5.428571428571427049e-02 2.113553645138378512e-01 4.257142857142859338e-02 1.880339721899309258e-01 4.357142857142859427e-02 2.063743489259715069e-01
4.971428571428571086e-02 2.035892995409026296e-01 5.114285714285715656e-02 2.101718951564469084e-01 4.257142857142859338e-02 1.898775888407802648e-01 4.342857142857148300e-02 2.024298095553804799e-01
5.385714285714282568e-02 2.073293379723302465e-01 5.771428571428571797e-02 2.138102336428139572e-01 4.500000000000003997e-02 1.933582170517672005e-01 4.828571428571426516e-02 2.161944395145707076e-01
3.857142857142858983e-02 1.949934812793661931e-01 4.000000000000003553e-02 2.019760604130148296e-01 3.828571428571425628e-02 1.921271170841528930e-01 4.428571428571426161e-02 2.071922950378268791e-01
5.714285714285716189e-02 2.166663540527171694e-01 5.914285714285716367e-02 2.235060360813099778e-01 4.971428571428571086e-02 2.036784528855897780e-01 4.771428571428570908e-02 2.124353473951766103e-01
4.528571428571426249e-02 2.033411157578939588e-01 4.671428571428570820e-02 2.103825482644766098e-01 4.057142857142859160e-02 1.953488015668821964e-01 4.014285714285714679e-02 2.118266766917266675e-01
6.028571428571427582e-02 2.178880068508441403e-01 6.299999999999994493e-02 2.242952472031725653e-01 4.914285714285715478e-02 2.003634164977355359e-01 4.457142857142859516e-02 2.170076077031186657e-01
5.585714285714282745e-02 2.061562852216407282e-01 5.828571428571427404e-02 2.129827372506593597e-01 4.814285714285715390e-02 1.893469264555370513e-01 4.514285714285715123e-02 2.009141674771836861e-01
5.028571428571426694e-02 2.045493695107769849e-01 5.214285714285715745e-02 2.112815972234429462e-01 4.214285714285714857e-02 1.913317555302217754e-01 3.800000000000003375e-02 2.040563487801732023e-01
4.957142857142859960e-02 1.984198264189605543e-01 5.142857142857137909e-02 2.050593975482062348e-01 4.371428571428570553e-02 1.870502303839694791e-01 4.185714285714281502e-02 1.961282722619663854e-01
6.014285714285716455e-02 2.149997077826161784e-01 6.157142857142861025e-02 2.210869719215514673e-01 4.371428571428570553e-02 1.870148431874049111e-01 4.000000000000003553e-02 1.972506940218345384e-01
5.100000000000004530e-02 2.083286020924392246e-01 5.342857142857138086e-02 2.151045373827297491e-01 4.357142857142859427e-02 1.918781859822729641e-01 3.385714285714280791e-02 1.975698888931223807e-01
4.785714285714282035e-02 1.976654260725620726e-01 5.000000000000004441e-02 2.042304225716500832e-01 4.414285714285715034e-02 1.864198489634114886e-01 4.457142857142859516e-02 1.971145637511872994e-01
5.742857142857138442e-02 2.129882298290012854e-01 5.885714285714283012e-02 2.195435945522523080e-01 4.900000000000004352e-02 2.024954470017660269e-01 4.871428571428570997e-02 2.155945649069194170e-01
5.585714285714282745e-02 2.052659162128420700e-01 5.871428571428571885e-02 2.116811338938400233e-01 4.842857142857137642e-02 1.865804490750889444e-01 4.171428571428570375e-02 1.921860201839349358e-01
5.171428571428571264e-02 2.013100003178527608e-01 5.314285714285715834e-02 2.078934590543021488e-01 4.314285714285714946e-02 1.905472025925766533e-01 4.100000000000003642e-02 2.032282803852005770e-01
5.500000000000004885e-02 2.043843658035469080e-01 5.657142857142860581e-02 2.108660356765365562e-01 4.514285714285715123e-02 1.880190634399185878e-01 4.328571428571426072e-02 2.005724506066516311e-01
5.300000000000004707e-02 2.072734419507397396e-01 5.528571428571427138e-02 2.137205602949242833e-01 5.014285714285715567e-02 1.973540517613164846e-01 5.200000000000004619e-02 2.110606302915680188e-01
4.914285714285715478e-02 2.015461768555512623e-01 5.114285714285715656e-02 2.080560544444498006e-01 4.214285714285714857e-02 1.883061394798001553e-01 4.185714285714281502e-02 1.988551742122115495e-01
6.142857142857138797e-02 2.147399345470711873e-01 6.271428571428572241e-02 2.213280619840348185e-01 4.957142857142859960e-02 1.949588728167074569e-01 4.585714285714281857e-02 2.073415961716083833e-01
5.200000000000004619e-02 2.020790736455793657e-01 5.471428571428571530e-02 2.088174856171085558e-01 4.185714285714281502e-02 1.863027184672815528e-01 3.985714285714281324e-02 2.001003778413802947e-01
7.185714285714284166e-02 2.264053028830725345e-01 7.385714285714284344e-02 2.327734917260416148e-01 5.842857142857138530e-02 2.116426624510825416e-01 5.642857142857138353e-02 2.263653952570417183e-01
5.014285714285715567e-02 1.974607734496995337e-01 5.228571428571426871e-02 2.046266005624569895e-01 4.371428571428570553e-02 1.817171641838767060e-01 3.657142857142858805e-02 1.837554940162691997e-01
4.257142857142859338e-02 1.900246049148207328e-01 4.385714285714281679e-02 1.966020901247069186e-01 3.785714285714281147e-02 1.786648807812564188e-01 3.771428571428570020e-02 1.885037000396228013e-01
nan nan nan nan nan nan nan nan
3.600000000000003197e-02 1.879056543170392612e-01 3.742857142857147768e-02 1.948012422880939232e-01 3.142857142857147235e-02 1.806715176011630397e-01 3.585714285714280969e-02 1.971384334928923954e-01
4.314285714285714946e-02 1.992199043314264173e-01 4.571428571428570731e-02 2.061695426185821967e-01 3.714285714285714413e-02 1.864788533090019629e-01 3.571428571428569843e-02 2.003475481992784135e-01
4.471428571428570642e-02 1.973869026951431682e-01 4.614285714285715212e-02 2.039832697567802722e-01 4.014285714285714679e-02 1.864088063156326414e-01 4.385714285714281679e-02 2.025600235009073213e-01
5.142857142857137909e-02 2.038291760719782575e-01 5.371428571428571441e-02 2.108236277843645867e-01 4.357142857142859427e-02 1.858013911701276166e-01 4.057142857142859160e-02 1.878879740184998537e-01
5.614285714285716100e-02 2.090257547133471672e-01 5.871428571428571885e-02 2.155541677086450503e-01 4.942857142857137731e-02 1.958718412339599813e-01 5.671428571428571708e-02 2.184820563260304882e-01
6.214285714285716633e-02 2.248081342595922016e-01 6.528571428571428026e-02 2.306362092267481845e-01 5.557142857142860493e-02 2.059059856876732375e-01 5.400000000000004796e-02 2.196916242766495386e-01
nan nan nan nan nan nan nan nan
6.114285714285716544e-02 2.169395792786489030e-01 6.414285714285716811e-02 2.232558176594490185e-01 5.271428571428571352e-02 2.014995157698935280e-01 5.314285714285715834e-02 2.267403802445317751e-01
5.071428571428571175e-02 2.011374978126796442e-01 5.242857142857137998e-02 2.079542761026327291e-01 4.371428571428570553e-02 1.858611052195254243e-01 3.985714285714281324e-02 1.929737353340125472e-01
6.914285714285717255e-02 2.206224139969974740e-01 7.157142857142861914e-02 2.284694053912190437e-01 5.414285714285715923e-02 2.023683715089059920e-01 3.542857142857147590e-02 1.967108149025374175e-01
5.042857142857137820e-02 2.035800092856026589e-01 5.228571428571426871e-02 2.105794757051115407e-01 4.314285714285714946e-02 1.888379552269289219e-01 3.742857142857147768e-02 1.979934456954099420e-01
5.128571428571426782e-02 1.997056420166410107e-01 5.485714285714282656e-02 2.063224078977107523e-01 4.500000000000003997e-02 1.848861937937975319e-01 4.171428571428570375e-02 1.903424545018535252e-01
5.171428571428571264e-02 2.052115627285544808e-01 5.271428571428571352e-02 2.120483690943132937e-01 4.271428571428570464e-02 1.904944840017041285e-01 3.928571428571425717e-02 2.004993867169151400e-01
