1.140229885057471026e-01 2.837077565902467180e-01 1.126436781609195803e-01 2.881041925034120710e-01 1.025287356321838983e-01 2.675267256758035450e-01 1.006896551724137945e-01 2.666823610020474522e-01
1.158620689655172065e-01 2.984243294504285160e-01 1.149425287356321546e-01 3.007220905544457645e-01 1.089655172413792616e-01 2.802095656939332935e-01 1.098850574712643136e-01 2.796652111600640978e-01
1.397701149425287781e-01 3.221648089147006733e-01 1.393103448275861966e-01 3.210132185575249597e-01 1.186206896551723622e-01 2.865078677256243656e-01 2.519540229885057769e-01 6.458876878617083594e-01
1.314942528735631999e-01 3.169910623868870680e-01 1.314942528735631999e-01 3.182765656305384105e-01 1.204597701149425770e-01 2.881129534907067580e-01 4.266666666666666385e-01 6.868611639366708488e-01
1.411494252873563005e-01 3.178165666132377609e-01 1.393103448275861966e-01 3.182289187071599135e-01 1.264367816091953589e-01 2.906455976832603150e-01 1.232183908045977327e-01 2.893846053900051563e-01
1.406896551724138300e-01 3.281555744822215459e-01 1.397701149425287781e-01 3.274222501786402395e-01 1.278160919540229923e-01 3.044525846966119054e-01 1.296551724137930961e-01 3.029361528337969345e-01
1.154022988505747360e-01 2.883856347141184329e-01 1.131034482758620507e-01 2.906355433532601951e-01 1.140229885057471026e-01 2.811587086266864044e-01 1.131034482758620507e-01 2.812907341105234105e-01
1.199999999999999956e-01 3.091902127863293548e-01 1.204597701149425770e-01 3.110126056167157871e-01 1.071264367816091578e-01 2.833634322910999481e-01 4.818390804597700861e-01 6.931471805599095370e-01
1.360919540229884594e-01 3.267851261756044012e-01 1.351724137931034075e-01 3.256135086155734215e-01 1.222988505747126808e-01 2.994191550128893486e-01 1.222988505747126808e-01 2.945016412201162948e-01
1.149425287356321546e-01 2.909130385213052339e-01 1.140229885057471026e-01 2.941969115557484526e-01 1.011494252873563759e-01 2.715088040865560881e-01 4.836781609195401899e-01 6.931471805599095370e-01
1.429885057471264043e-01 3.117489177000398182e-01 1.420689655172413524e-01 3.126145043891142561e-01 1.255172413793103070e-01 2.862301785415362620e-01 1.264367816091953589e-01 2.862909381592692037e-01
1.222988505747126808e-01 2.978707152726876028e-01 1.222988505747126808e-01 3.028297691850600493e-01 1.071264367816091578e-01 2.751090336039228035e-01 1.071264367816091578e-01 2.742851670143389153e-01
1.314942528735631999e-01 3.143194869521817592e-01 1.314942528735631999e-01 3.153551065365927664e-01 1.121839080459769988e-01 2.804489921140078668e-01 4.859770114942528751e-01 6.931471805599095370e-01
1.347126436781609371e-01 3.094076418996871691e-01 1.337931034482758852e-01 3.112669555920999920e-01 1.209195402298850475e-01 2.838965627520713686e-01 2.758620689655172376e-01 6.504385282234325105e-01
1.222988505747126808e-01 3.054302040739760304e-01 1.227586206896551513e-01 3.095522120274918354e-01 1.117241379310345284e-01 2.837421059670783841e-01 1.149425287356321546e-01 2.848719952022266133e-01
1.402298850574712485e-01 3.216958095768088222e-01 1.374712643678160928e-01 3.216840790228205904e-01 1.218390804597700994e-01 2.947540763032691635e-01 1.213793103448276289e-01 2.946592912731004210e-01
1.370114942528735114e-01 3.240797871259272767e-01 1.370114942528735114e-01 3.240531188045213118e-01 1.268965517241379404e-01 2.916580753065194376e-01 1.301149425287356776e-01 2.920171307365462265e-01
1.333333333333333037e-01 3.110584102909132453e-01 1.319540229885057814e-01 3.125381612344965143e-01 1.181609195402298917e-01 2.838592188214814627e-01 1.186206896551723622e-01 2.819900756463814551e-01
1.250574712643678366e-01 3.020163832768290035e-01 1.236781609195402032e-01 3.034625014015187583e-01 1.108045977011494765e-01 2.766775532673898530e-01 1.108045977011494765e-01 2.783521589419021280e-01
1.282758620689654627e-01 3.180716885387493975e-01 1.268965517241379404e-01 3.182732388320562711e-01 1.144827586206896841e-01 2.885395561318867541e-01 1.154022988505747360e-01 2.871608582841839175e-01
