6.743052169673330321e-01 6.931513983958120795e-01 6.743052169673330321e-01 6.931513984412386309e-01 6.743052169673330321e-01 6.939145276612674884e-01 6.743052169673330321e-01 6.939152529285358417e-01
6.757679180887372627e-01 6.931609135363548946e-01 6.757679180887372627e-01 6.931609127895707045e-01 6.757679180887372627e-01 7.089986914419122987e-01 6.757679180887372627e-01 7.092868064773135695e-01
2.330570453437347256e-01 6.931471709998308084e-01 2.330570453437347256e-01 6.931471709998968667e-01 2.330570453437347256e-01 6.929820715740623305e-01 2.330570453437347256e-01 6.929820628301117669e-01
2.910775231594344703e-01 6.931471771109637414e-01 2.910775231594344703e-01 6.931471771110772062e-01 2.910775231594344703e-01 6.930515785144732988e-01 2.910775231594344703e-01 6.930515731578014149e-01
6.752803510482691118e-01 6.931622164169385369e-01 6.752803510482691118e-01 6.931622161243715663e-01 6.752803510482691118e-01 7.130919966691173784e-01 6.752803510482691118e-01 7.134906084820877847e-01
6.777181862506094223e-01 6.931479219848715179e-01 6.777181862506094223e-01 6.931479219829891347e-01 6.777181862506094223e-01 6.932460697241461522e-01 6.777181862506094223e-01 6.932461890738930155e-01
6.806435884934178837e-01 8.249023757215766528e-01 6.806435884934178837e-01 8.167529986151070842e-01 6.806435884934178837e-01 7.961461330777327428e-01 6.806435884934178837e-01 8.026664973556911775e-01
6.811311555338859236e-01 6.931474633435362742e-01 6.811311555338859236e-01 6.931474633259603335e-01 6.811311555338859236e-01 6.932249056492629791e-01 6.811311555338859236e-01 6.932249380406751982e-01
6.757679180887372627e-01 6.931471851833492792e-01 6.757679180887372627e-01 6.931471851836022990e-01 6.757679180887372627e-01 6.932371587421914949e-01 6.757679180887372627e-01 6.932372075651922483e-01
3.203315455875183071e-01 6.931467905137370655e-01 3.203315455875183071e-01 6.931467905151651454e-01 3.203315455875183071e-01 6.930402317971269266e-01 3.203315455875183071e-01 6.930402209604858976e-01
6.801560214529498438e-01 6.931471787340992563e-01 6.801560214529498438e-01 6.931471787352436742e-01 4.470989761092150072e-01 6.930385154165623618e-01 4.470989761092150072e-01 6.930385266807979061e-01
2.262311067771818340e-01 6.931447803206274294e-01 2.262311067771818340e-01 6.931447802877827025e-01 2.262311067771818340e-01 6.930566316806572313e-01 2.262311067771818340e-01 6.930566266504800677e-01
6.699171136031204510e-01 6.931471794596508751e-01 6.699171136031204510e-01 6.931471794595744917e-01 6.699171136031204510e-01 6.931740101843731905e-01 6.699171136031204510e-01 6.931740486233549658e-01
6.674792784007801405e-01 6.931467347474419283e-01 6.674792784007801405e-01 6.931467347568307513e-01 6.777181862506094223e-01 6.931378668356191763e-01 6.777181862506094223e-01 6.931378691074437937e-01
6.791808873720136530e-01 6.931471807305434885e-01 6.791808873720136530e-01 6.931471807305596977e-01 6.791808873720136530e-01 6.931864728501556661e-01 6.791808873720136530e-01 6.931864996486586383e-01
6.738176499268648811e-01 6.931467019376406080e-01 6.738176499268648811e-01 6.931467019505134219e-01 6.738176499268648811e-01 6.931197272628405459e-01 6.738176499268648811e-01 6.931197278755731883e-01
6.747927840078010719e-01 6.931471791029241158e-01 6.747927840078010719e-01 6.931471791031470486e-01 6.747927840078010719e-01 6.931264745284380080e-01 6.747927840078010719e-01 6.931265052694709494e-01
6.757679180887372627e-01 6.931481502704296416e-01 6.757679180887372627e-01 6.931481502584744270e-01 6.757679180887372627e-01 7.249273749202010952e-01 6.757679180887372627e-01 7.256882501000826435e-01
6.772306192101413824e-01 6.931474211858621448e-01 6.772306192101413824e-01 6.931474211854126155e-01 6.772306192101413824e-01 6.932417357487365983e-01 6.772306192101413824e-01 6.932417734564040313e-01
2.286689419795221445e-01 6.931471750250177699e-01 2.286689419795221445e-01 6.931471750254628583e-01 2.286689419795221445e-01 6.929959861270219568e-01 2.286689419795221445e-01 6.929959711466916472e-01
2.252559726962457542e-01 6.931457781184402478e-01 2.252559726962457542e-01 6.931457781653355132e-01 2.252559726962457542e-01 6.930415444697224370e-01 2.252559726962457542e-01 6.930415401284766297e-01
2.335446123842028765e-01 6.931471756160246800e-01 2.335446123842028765e-01 6.931471756160688669e-01 2.335446123842028765e-01 6.930282139206676018e-01 2.335446123842028765e-01 6.930282048963121166e-01
2.228181374939054438e-01 6.931471744339035013e-01 2.228181374939054438e-01 6.931471744343479235e-01 2.228181374939054438e-01 6.930391780858570216e-01 2.228181374939054438e-01 6.930391653696490462e-01
2.203803022915651333e-01 6.931471747679747164e-01 2.203803022915651333e-01 6.931471747680836293e-01 2.203803022915651333e-01 6.929883410219579432e-01 2.203803022915651333e-01 6.929883226892575854e-01
6.767430521696733425e-01 6.931504379190018827e-01 6.767430521696733425e-01 6.931504377467581079e-01 6.767430521696733425e-01 6.938514743052650591e-01 6.767430521696733425e-01 6.938522727440827875e-01
2.276938078985860647e-01 6.931471743235806393e-01 2.276938078985860647e-01 6.931471743235443350e-01 2.276938078985860647e-01 6.929235592173507152e-01 2.276938078985860647e-01 6.929235376007841785e-01
2.286689419795221445e-01 6.931452106601342367e-01 2.286689419795221445e-01 6.931452106394360158e-01 2.286689419795221445e-01 6.929986501356208972e-01 2.286689419795221445e-01 6.929986283549244286e-01
2.257435397367137941e-01 6.931457702884191718e-01 2.257435397367137941e-01 6.931457703348822275e-01 2.257435397367137941e-01 6.930408574452093795e-01 2.257435397367137941e-01 6.930408530532211620e-01
6.738176499268648811e-01 6.931511457827772560e-01 6.738176499268648811e-01 6.931511456094768819e-01 6.738176499268648811e-01 6.938685706322865743e-01 6.738176499268648811e-01 6.938692424604816500e-01
6.767430521696733425e-01 6.931471800413859796e-01 6.767430521696733425e-01 6.931471800409307882e-01 6.767430521696733425e-01 6.931559164682745688e-01 6.767430521696733425e-01 6.931559266038890277e-01
2.296440760604583353e-01 6.931471771045466523e-01 2.296440760604583353e-01 6.931471771048974828e-01 2.296440760604583353e-01 6.930502660557240624e-01 2.296440760604583353e-01 6.930502570428013209e-01
6.752803510482691118e-01 6.931471790738358285e-01 6.752803510482691118e-01 6.931471790739947014e-01 6.752803510482691118e-01 6.931320895574336616e-01 6.752803510482691118e-01 6.931320934933518085e-01
2.198927352510969824e-01 6.931465093617555917e-01 2.823013164310093082e-01 6.931465093569485481e-01 2.823013164310093082e-01 6.930864082463834563e-01 2.823013164310093082e-01 6.930864018812429306e-01
2.262311067771818340e-01 6.931471756355095382e-01 2.262311067771818340e-01 6.931471756353788649e-01 2.262311067771818340e-01 6.930214621544669162e-01 2.262311067771818340e-01 6.930214519249835448e-01
6.840565577766942740e-01 6.931471794166895739e-01 6.840565577766942740e-01 6.931471794164933975e-01 6.840565577766942740e-01 6.931440424710592074e-01 6.840565577766942740e-01 6.931440477886791074e-01
6.689419795221842602e-01 6.931471802163564622e-01 3.120429058995611848e-01 6.931471802163534646e-01 3.096050706972208744e-01 6.931448094731597065e-01 3.096050706972208744e-01 6.931448094976367935e-01
6.738176499268648811e-01 6.931471938845256142e-01 6.738176499268648811e-01 6.931471938837684421e-01 6.762554851292053026e-01 6.932767393752736762e-01 6.762554851292053026e-01 6.932768442834208455e-01
3.320331545587518196e-01 6.931471745186409406e-01 3.320331545587518196e-01 6.931471745181300159e-01 3.320331545587518196e-01 6.930579513822914262e-01 3.320331545587518196e-01 6.930579426252173603e-01
2.301316431009263752e-01 6.931471651603795525e-01 2.301316431009263752e-01 6.931471651644444121e-01 2.301316431009263752e-01 6.929918938449500798e-01 2.301316431009263752e-01 6.929918800166626758e-01
6.777181862506094223e-01 6.931471796758843507e-01 6.777181862506094223e-01 6.931471796759218762e-01 6.777181862506094223e-01 6.931112837374220348e-01 6.777181862506094223e-01 6.931112804163894747e-01
7.762067284251584764e-01 6.931471816312713141e-01 7.762067284251584764e-01 6.931471816313576895e-01 7.762067284251584764e-01 6.931479000099945997e-01 7.762067284251584764e-01 6.931478985634677015e-01
6.713798147245246817e-01 6.931471742183761275e-01 6.713798147245246817e-01 6.931471742184619478e-01 6.713798147245246817e-01 6.931464378478499055e-01 6.713798147245246817e-01 6.931464381982526124e-01
2.130667966845440908e-01 6.931471733809108082e-01 2.130667966845440908e-01 6.931471733810120606e-01 2.130667966845440908e-01 6.930424790571279026e-01 2.130667966845440908e-01 6.930424615048786929e-01
6.772306192101413824e-01 6.931473916489291343e-01 6.772306192101413824e-01 6.931473916481752928e-01 6.772306192101413824e-01 6.942844569940768151e-01 6.772306192101413824e-01 6.942859135260220915e-01
6.801560214529498438e-01 6.931471883726780803e-01 6.801560214529498438e-01 6.931471883720748961e-01 6.801560214529498438e-01 6.931436959927675945e-01 6.801560214529498438e-01 6.931437372980120415e-01
2.262311067771818340e-01 6.931471754629516813e-01 2.262311067771818340e-01 6.931471754632488880e-01 2.262311067771818340e-01 6.930404468461089929e-01 2.262311067771818340e-01 6.930404411682710153e-01
4.500243783520233576e-01 6.931466517660118676e-01 6.606533398342271379e-01 6.931466517818470896e-01 6.606533398342271379e-01 6.931133319770420576e-01 6.606533398342271379e-01 6.931133326544814954e-01
6.757679180887372627e-01 6.931490973406805312e-01 6.757679180887372627e-01 6.931490973510420206e-01 6.757679180887372627e-01 7.250129737000964303e-01 6.757679180887372627e-01 7.257489303314521578e-01
2.935153583617747808e-01 6.931471732916028028e-01 2.935153583617747808e-01 6.931471732914815664e-01 2.935153583617747808e-01 6.930557112607834691e-01 2.935153583617747808e-01 6.930557015818292754e-01
6.806435884934178837e-01 6.931470958477745636e-01 6.806435884934178837e-01 6.931470958457569553e-01 6.806435884934178837e-01 6.931535321265415162e-01 6.806435884934178837e-01 6.931535280134627497e-01
2.272062408581180248e-01 6.931471704396817701e-01 2.272062408581180248e-01 6.931471704387252020e-01 2.272062408581180248e-01 6.930065559030652578e-01 2.272062408581180248e-01 6.930065527916527968e-01
6.879570941004388152e-01 6.931468517889188830e-01 6.879570941004388152e-01 6.931468517797424456e-01 6.879570941004388152e-01 6.931462051944921043e-01 6.879570941004388152e-01 6.931462106403730727e-01
6.835689907362262341e-01 6.931475868701890697e-01 6.835689907362262341e-01 6.931475868305463361e-01 6.835689907362262341e-01 6.931936207931540528e-01 6.835689907362262341e-01 6.931936414477989361e-01
6.757679180887372627e-01 6.931471679648952833e-01 6.757679180887372627e-01 6.931471679649835460e-01 6.757679180887372627e-01 6.931462606141287619e-01 6.757679180887372627e-01 6.931462611834569021e-01
4.305216967333008737e-01 6.931471775994085815e-01 4.368600682593856144e-01 6.931471775992299467e-01 4.305216967333008737e-01 6.930694724111088334e-01 4.305216967333008737e-01 6.930694675452809816e-01
2.315943442223306059e-01 6.931471759584211245e-01 2.315943442223306059e-01 6.931471759583451853e-01 2.315943442223306059e-01 6.929797260804342329e-01 2.315943442223306059e-01 6.929797150087940727e-01
2.311067771818624550e-01 6.931455278750889848e-01 2.311067771818624550e-01 6.931455278574574219e-01 2.311067771818624550e-01 6.930152678336585215e-01 2.311067771818624550e-01 6.930152504214018849e-01
6.782057532910774622e-01 6.931471788989266303e-01 6.782057532910774622e-01 6.931471788987256799e-01 6.782057532910774622e-01 6.931198320727319784e-01 6.782057532910774622e-01 6.931198326710477087e-01
6.772306192101413824e-01 6.931489222028871522e-01 6.772306192101413824e-01 6.931489221852153992e-01 6.772306192101413824e-01 6.954077318506631800e-01 6.772306192101413824e-01 6.954159884295454397e-01
2.291565090199902954e-01 6.931435820915832213e-01 2.291565090199902954e-01 6.931435820253634139e-01 2.291565090199902954e-01 6.929215750139661179e-01 2.291565090199902954e-01 6.929215622589839363e-01
6.747927840078010719e-01 6.931475599230351170e-01 6.747927840078010719e-01 6.931475599431585755e-01 6.747927840078010719e-01 6.946622378368779716e-01 6.747927840078010719e-01 6.946646452279641171e-01
6.635787420770355993e-01 6.931467794793584325e-01 6.635787420770355993e-01 6.931467794906644997e-01 6.635787420770355993e-01 6.931204483792310356e-01 6.635787420770355993e-01 6.931204483384741932e-01
2.189176011701609026e-01 6.931471699425821864e-01 2.189176011701609026e-01 6.931471699439829548e-01 2.189176011701609026e-01 6.929739395677622094e-01 2.189176011701609026e-01 6.929739283440772279e-01
2.272062408581180248e-01 6.931471765631163073e-01 2.272062408581180248e-01 6.931471765633154813e-01 2.272062408581180248e-01 6.930021661155371104e-01 2.272062408581180248e-01 6.930021556801505556e-01
6.713798147245246817e-01 6.931471792033719881e-01 6.713798147245246817e-01 6.931471792033282453e-01 6.713798147245246817e-01 6.931240091540554760e-01 6.713798147245246817e-01 6.931240252217991671e-01
3.096050706972208744e-01 6.931459317641189832e-01 3.096050706972208744e-01 6.931459317944961285e-01 3.096050706972208744e-01 6.930717659387904961e-01 3.096050706972208744e-01 6.930717628266888086e-01
6.738176499268648811e-01 6.931471940324899217e-01 6.738176499268648811e-01 6.931471940330604653e-01 6.738176499268648811e-01 6.932878668594556482e-01 6.738176499268648811e-01 6.932879647191245720e-01
6.786933203315456131e-01 6.931472363772864798e-01 6.786933203315456131e-01 6.931472363742533505e-01 6.786933203315456131e-01 6.931901447475167233e-01 6.786933203315456131e-01 6.931901550415069391e-01
6.738176499268648811e-01 6.931471004404502478e-01 6.738176499268648811e-01 6.931471004431015714e-01 6.738176499268648811e-01 6.931960470550373454e-01 6.738176499268648811e-01 6.931960583175774682e-01
2.276938078985860647e-01 6.931454961622030009e-01 2.276938078985860647e-01 6.931454961915233248e-01 2.276938078985860647e-01 6.930357455317864845e-01 2.276938078985860647e-01 6.930357366148299780e-01
6.762554851292053026e-01 6.931471852965833680e-01 6.762554851292053026e-01 6.931471852962526325e-01 6.762554851292053026e-01 6.932029193204480855e-01 6.762554851292053026e-01 6.932029617554386070e-01
6.777181862506094223e-01 6.931472736266319767e-01 6.777181862506094223e-01 6.931472736228256881e-01 6.777181862506094223e-01 6.931862248571653007e-01 6.777181862506094223e-01 6.931862467384143356e-01
6.772306192101413824e-01 6.931478312429970590e-01 6.772306192101413824e-01 6.931478312446873735e-01 6.772306192101413824e-01 6.933765901614350469e-01 6.772306192101413824e-01 6.933767534945735056e-01
6.645538761579716791e-01 6.931471788132901324e-01 6.645538761579716791e-01 6.931471788132214096e-01 6.645538761579716791e-01 6.931078703612392200e-01 6.645538761579716791e-01 6.931078789028034537e-01
2.286689419795221445e-01 6.931471716480047673e-01 2.286689419795221445e-01 6.931471716474806311e-01 2.286689419795221445e-01 6.929765446959160746e-01 2.286689419795221445e-01 6.929765366793735337e-01
6.723549488054607615e-01 6.931471802699316065e-01 6.723549488054607615e-01 6.931471802699846751e-01 6.723549488054607615e-01 6.931312388000890889e-01 6.723549488054607615e-01 6.931312546489121207e-01
3.222818137493905777e-01 6.931472370447976372e-01 3.222818137493905777e-01 6.931472370443312325e-01 3.222818137493905777e-01 6.931516059309589251e-01 3.222818137493905777e-01 6.931516055006780030e-01
3.252072159921989281e-01 6.931471782380173030e-01 3.252072159921989281e-01 6.931471782377757185e-01 3.252072159921989281e-01 6.930962309494046458e-01 3.252072159921989281e-01 6.930962276697530955e-01
4.378352023403218052e-01 6.931471714127588335e-01 2.155046318868844013e-01 6.931471714116484995e-01 2.155046318868844013e-01 6.930016054200034414e-01 2.155046318868844013e-01 6.930015990236980672e-01
2.306192101413944151e-01 6.931458504132129717e-01 2.306192101413944151e-01 6.931458503908558555e-01 2.306192101413944151e-01 6.930506481422823439e-01 2.306192101413944151e-01 6.930506374397000791e-01
6.801560214529498438e-01 6.931471900724762714e-01 6.801560214529498438e-01 6.931471900728423119e-01 6.801560214529498438e-01 6.933054811937999773e-01 6.801560214529498438e-01 6.933055927807578733e-01
6.825938566552900433e-01 6.931471797658769196e-01 6.825938566552900433e-01 6.931471797657834388e-01 6.825938566552900433e-01 6.931452148222980725e-01 6.825938566552900433e-01 6.931452178055131919e-01
6.796684544124816929e-01 6.931466372494329287e-01 6.796684544124816929e-01 6.931466372499972550e-01 6.796684544124816929e-01 6.931437634891733923e-01 6.796684544124816929e-01 6.931437723973958853e-01
2.876645538761579690e-01 6.931471772855086755e-01 2.876645538761579690e-01 6.931471772850855695e-01 2.876645538761579690e-01 6.930688229629137220e-01 2.876645538761579690e-01 6.930688155900137648e-01
6.767430521696733425e-01 6.931474638092610663e-01 6.767430521696733425e-01 6.931474637990729937e-01 6.767430521696733425e-01 6.932402873647505182e-01 6.767430521696733425e-01 6.932403207429963521e-01
6.762554851292053026e-01 6.931472672948436609e-01 6.762554851292053026e-01 6.931472673046988886e-01 6.762554851292053026e-01 6.936923396460754621e-01 6.762554851292053026e-01 6.936927896845133112e-01
6.830814236957581942e-01 6.931471927983176018e-01 6.830814236957581942e-01 6.931471927948232858e-01 6.830814236957581942e-01 6.931619204237658982e-01 6.830814236957581942e-01 6.931619217151253620e-01
2.247684056557777144e-01 6.931457382440158188e-01 2.247684056557777144e-01 6.931457382561772018e-01 2.247684056557777144e-01 6.930514572612999080e-01 2.247684056557777144e-01 6.930514523358312085e-01
2.291565090199902954e-01 6.931471754717124512e-01 2.291565090199902954e-01 6.931471754714988442e-01 2.291565090199902954e-01 6.930298416865133815e-01 2.291565090199902954e-01 6.930298340935013846e-01
2.213554363725012131e-01 6.931453939264553554e-01 2.213554363725012131e-01 6.931453939079630366e-01 2.213554363725012131e-01 6.930056063576132130e-01 2.213554363725012131e-01 6.930055794080297593e-01
2.252559726962457542e-01 6.931469231883725657e-01 2.252559726962457542e-01 6.931469231698106359e-01 2.252559726962457542e-01 6.930855311745823810e-01 2.252559726962457542e-01 6.930855307246966968e-01
3.047294002925402534e-01 6.931471606380520400e-01 3.130180399804972646e-01 6.931471606380027461e-01 3.047294002925402534e-01 6.931437344930923006e-01 3.047294002925402534e-01 6.931437345627805557e-01
6.655290102389078699e-01 6.931471652971763486e-01 6.655290102389078699e-01 6.931471652971438191e-01 6.655290102389078699e-01 6.931511091593994811e-01 6.655290102389078699e-01 6.931511096707192454e-01
6.767430521696733425e-01 6.931471950341866473e-01 6.767430521696733425e-01 6.931471950345982069e-01 6.767430521696733425e-01 6.931581430226274598e-01 6.767430521696733425e-01 6.931581458066409240e-01
6.791808873720136530e-01 6.931519435057323930e-01 6.791808873720136530e-01 6.931519433850519274e-01 6.791808873720136530e-01 7.253731380646054605e-01 6.791808873720136530e-01 7.261357692384261542e-01
6.830814236957581942e-01 6.931470744361889480e-01 6.830814236957581942e-01 6.931470744368036785e-01 6.830814236957581942e-01 6.931613318163208914e-01 6.830814236957581942e-01 6.931613400620132426e-01
2.125792296440760509e-01 6.931471753642990397e-01 2.125792296440760509e-01 6.931471753645549461e-01 2.125792296440760509e-01 6.930514189789900303e-01 2.125792296440760509e-01 6.930514140518306831e-01
2.330570453437347256e-01 6.931454883712698800e-01 2.330570453437347256e-01 6.931454883538229472e-01 2.330570453437347256e-01 6.930128546833830283e-01 2.330570453437347256e-01 6.930128427415251924e-01
6.669917113603121006e-01 6.931471778153518448e-01 2.155046318868844013e-01 6.931471778154522090e-01 6.669917113603121006e-01 6.931119506116432127e-01 6.669917113603121006e-01 6.931119500441434989e-01
6.801560214529498438e-01 6.931471008309040283e-01 6.801560214529498438e-01 6.931471008289715741e-01 6.801560214529498438e-01 6.931550721113077795e-01 6.801560214529498438e-01 6.931551487277562984e-01
