2.685714285714280170e-02 7.852630791930363674e-02 2.600000000000002309e-02 7.946041704676963524e-02 3.242857142857147323e-02 9.130130616593218340e-02 4.614285714285715212e-02 1.871403206152832399e-01
2.785714285714280258e-02 7.604455455336577019e-02 2.800000000000002487e-02 7.847897451081191356e-02 3.242857142857147323e-02 8.732617255232563713e-02 3.842857142857147856e-02 1.464476787788319689e-01
3.171428571428569487e-02 7.814144221243468635e-02 3.171428571428569487e-02 7.967408497313181737e-02 3.228571428571425095e-02 8.586008706149446390e-02 3.757142857142858894e-02 1.523863367758339082e-01
3.657142857142858805e-02 8.635805497149341703e-02 3.628571428571425450e-02 8.721203697259556631e-02 3.528571428571425361e-02 8.833402756447487902e-02 3.685714285714281058e-02 1.570604501203856085e-01
2.900000000000002576e-02 7.414681726714256182e-02 2.900000000000002576e-02 7.510564687786272509e-02 2.985714285714280436e-02 8.300691096088863574e-02 3.342857142857147412e-02 1.264713173709636485e-01
2.971428571428569310e-02 7.795133387138913905e-02 2.942857142857147057e-02 7.977707633636152429e-02 3.214285714285713969e-02 8.548815932410259999e-02 6.899999999999995026e-02 2.511881213498148857e-01
2.928571428571424828e-02 7.903925747409981661e-02 2.914285714285713702e-02 8.130187423983270545e-02 3.014285714285713791e-02 8.376250168067796154e-02 4.185714285714281502e-02 1.734324488956510424e-01
2.557142857142857828e-02 6.983853350874150157e-02 2.600000000000002309e-02 7.189452907280975691e-02 2.957142857142858183e-02 7.842954192993151219e-02 3.714285714285714413e-02 1.400940148022316034e-01
2.800000000000002487e-02 7.534957918987086889e-02 2.685714285714280170e-02 7.562381297888305653e-02 2.857142857142858094e-02 8.130457419786650541e-02 4.628571428571426338e-02 1.760299524027041373e-01
2.528571428571424473e-02 7.917894525817721629e-02 2.585714285714291183e-02 8.210166186891129647e-02 3.757142857142858894e-02 1.015366125243006568e-01 4.057142857142859160e-02 1.556542356334178479e-01
2.657142857142857917e-02 7.599660885259143517e-02 2.657142857142857917e-02 7.829769115033963223e-02 3.028571428571424917e-02 8.413861655341446644e-02 4.585714285714281857e-02 1.971471130314277342e-01
2.557142857142857828e-02 7.609433066025757253e-02 2.528571428571424473e-02 7.846537579340782942e-02 2.885714285714280347e-02 8.235634915428458047e-02 5.071428571428571175e-02 1.927459730729863263e-01
3.071428571428569398e-02 8.524048326145379495e-02 3.057142857142858272e-02 8.554079289705897315e-02 nan nan nan nan
2.542857142857146702e-02 6.947388940440120397e-02 2.471428571428568866e-02 7.098102859063983028e-02 2.900000000000002576e-02 7.811814660697390111e-02 4.800000000000004263e-02 1.825451300120047582e-01
2.971428571428569310e-02 8.004443486218641712e-02 2.971428571428569310e-02 8.115185620592936522e-02 3.457142857142858627e-02 9.483027152188544528e-02 4.371428571428570553e-02 1.683203937949577789e-01
2.857142857142858094e-02 7.690387328463188510e-02 2.857142857142858094e-02 7.866502648559901834e-02 3.528571428571425361e-02 9.709379383772065442e-02 9.725714285714285312e-01 9.556327209666074518e-01
2.742857142857146879e-02 7.671376685580724719e-02 2.785714285714280258e-02 7.938390203089470964e-02 4.628571428571426338e-02 1.217723454663895560e-01 9.547142857142857375e-01 7.526101950541892904e+00
2.457142857142857739e-02 7.483765478724785369e-02 2.471428571428568866e-02 7.762445186398654606e-02 3.557142857142858716e-02 9.116194435538874097e-02 9.758571428571428674e-01 9.581217776782464668e-01
2.885714285714280347e-02 7.378981660823041855e-02 2.900000000000002576e-02 7.510038570589148976e-02 3.185714285714280614e-02 8.240410822897159537e-02 4.471428571428570642e-02 1.818708306137979402e-01
3.085714285714280525e-02 7.766210358818238790e-02 3.042857142857147146e-02 7.733918079628047948e-02 3.071428571428569398e-02 8.182080006943120987e-02 4.457142857142859516e-02 1.772582815977286064e-01
2.685714285714280170e-02 7.852630791930363674e-02 2.600000000000002309e-02 7.947023173997065648e-02 3.242857142857147323e-02 9.130871449659780370e-02 4.771428571428570908e-02 1.902021725879068648e-01
2.785714285714280258e-02 7.604455455336577019e-02 2.800000000000002487e-02 7.848515518368381905e-02 3.242857142857147323e-02 8.732154023779778451e-02 4.028571428571425805e-02 1.553928921020085729e-01
3.171428571428569487e-02 7.814144221243468635e-02 3.185714285714280614e-02 7.967812616396806324e-02 3.228571428571425095e-02 8.586891703575647017e-02 3.700000000000003286e-02 1.518913932300913483e-01
3.657142857142858805e-02 8.635805497149341703e-02 3.628571428571425450e-02 8.719776784123439706e-02 3.528571428571425361e-02 8.832602244338763620e-02 3.671428571428569931e-02 1.547280152391696806e-01
2.900000000000002576e-02 7.414681726714256182e-02 2.900000000000002576e-02 7.511054119269433560e-02 2.985714285714280436e-02 8.301421506451049648e-02 3.371428571428569665e-02 1.263259867638346912e-01
2.971428571428569310e-02 7.795133387138913905e-02 2.942857142857147057e-02 7.978928589225317558e-02 3.214285714285713969e-02 8.548012409772169640e-02 6.899999999999995026e-02 2.511254819089617230e-01
2.928571428571424828e-02 7.903925747409981661e-02 2.914285714285713702e-02 8.130709114942927251e-02 3.014285714285713791e-02 8.375728081615932408e-02 4.314285714285714946e-02 1.748809143974380531e-01
2.557142857142857828e-02 6.983853350874150157e-02 2.600000000000002309e-02 7.188888593363149115e-02 2.957142857142858183e-02 7.842326828296221353e-02 3.671428571428569931e-02 1.392702280006663518e-01
2.800000000000002487e-02 7.534957918987086889e-02 2.685714285714280170e-02 7.562341267276449785e-02 2.857142857142858094e-02 8.130750373863666891e-02 4.757142857142859782e-02 1.881409889295088123e-01
2.528571428571424473e-02 7.917894525817721629e-02 2.585714285714291183e-02 8.209118690577760225e-02 3.757142857142858894e-02 1.015367534223709095e-01 3.664285714285714368e-01 4.843339310570170753e+00
2.657142857142857917e-02 7.599660885259143517e-02 2.657142857142857917e-02 7.829659572440027249e-02 3.028571428571424917e-02 8.413523871611354454e-02 4.471428571428570642e-02 1.946960105734947544e-01
2.557142857142857828e-02 7.609433066025757253e-02 2.528571428571424473e-02 7.847269696912792525e-02 2.885714285714280347e-02 8.235624972689539747e-02 4.728571428571426427e-02 1.846977593421501862e-01
3.071428571428569398e-02 8.524048326145379495e-02 3.057142857142858272e-02 8.554698841385600938e-02 4.928571428571426605e-02 1.510896220474308715e-01 9.737142857142857544e-01 9.502389955488836915e-01
2.542857142857146702e-02 6.947388940440120397e-02 2.471428571428568866e-02 7.096967270274238959e-02 2.900000000000002576e-02 7.811892834929727580e-02 5.300000000000004707e-02 1.936363896002875895e-01
2.971428571428569310e-02 8.004443486218641712e-02 2.971428571428569310e-02 8.115943328011690494e-02 3.457142857142858627e-02 9.483153143567429888e-02 4.371428571428570553e-02 1.613217518940393558e-01
2.857142857142858094e-02 7.690387328463188510e-02 2.857142857142858094e-02 7.867251855394008508e-02 3.528571428571425361e-02 9.708614176176723343e-02 9.725714285714285312e-01 9.556432521143833902e-01
2.742857142857146879e-02 7.671376685580724719e-02 2.785714285714280258e-02 7.938489743448511049e-02 4.628571428571426338e-02 1.217711912955672243e-01 9.547142857142857375e-01 7.525717058924669800e+00
2.457142857142857739e-02 7.483765478724785369e-02 2.471428571428568866e-02 7.761572172836950223e-02 3.557142857142858716e-02 9.118355501816423347e-02 9.758571428571428674e-01 9.581359719094331151e-01
2.885714285714280347e-02 7.378981660823041855e-02 2.900000000000002576e-02 7.511400984031796346e-02 3.185714285714280614e-02 8.240021398055061286e-02 4.500000000000003997e-02 1.783352251263649046e-01
3.085714285714280525e-02 7.766210358818238790e-02 3.042857142857147146e-02 7.733860726918312389e-02 3.100000000000002753e-02 8.183216710389318305e-02 4.400000000000003908e-02 1.737438591527194487e-01
2.714285714285713524e-02 7.629578048247012689e-02 2.742857142857146879e-02 7.804007511877472658e-02 3.057142857142858272e-02 8.191742120849941633e-02 5.471428571428571530e-02 2.183257522455875344e-01
2.671428571428569043e-02 7.658600745658501741e-02 2.700000000000002398e-02 7.936352861866916020e-02 4.585714285714281857e-02 1.226457752927557904e-01 9.721428571428571974e-01 9.511355602881919058e-01
2.657142857142857917e-02 7.340231898703569735e-02 2.628571428571424562e-02 7.572538298400333101e-02 2.828571428571424740e-02 7.845435545308840353e-02 3.257142857142858450e-02 1.324946421220874748e-01
2.542857142857146702e-02 7.702875207250639567e-02 2.514285714285713347e-02 7.915878657049305045e-02 2.657142857142857917e-02 8.030412674574256837e-02 4.157142857142859249e-02 1.897556104510887409e-01
2.485714285714291094e-02 6.898588964566146342e-02 2.471428571428568866e-02 7.112335489934613897e-02 2.671428571428569043e-02 7.225389512492073896e-02 3.842857142857147856e-02 1.671697735158536868e-01
2.700000000000002398e-02 7.347799825649638239e-02 2.642857142857146791e-02 7.432338888002007482e-02 2.628571428571424562e-02 7.812179782583013321e-02 3.757142857142858894e-02 1.403660507542991431e-01
2.585714285714291183e-02 7.258230041415587863e-02 2.557142857142857828e-02 7.425274888836910780e-02 2.757142857142858006e-02 7.772326578926071206e-02 3.800000000000003375e-02 1.650353641941008365e-01
2.757142857142858006e-02 8.571631166652628198e-02 2.742857142857146879e-02 8.836414755660806919e-02 3.271428571428569576e-02 9.480844645451014241e-02 4.342857142857148300e-02 1.671301570362253297e-01
2.414285714285713258e-02 7.108938516800847318e-02 2.414285714285713258e-02 7.362912026333230664e-02 3.157142857142858361e-02 8.224431305550065907e-02 5.585714285714282745e-02 2.007945277244240767e-01
2.871428571428569221e-02 7.688615807247720091e-02 2.914285714285713702e-02 7.898452434704789082e-02 3.342857142857147412e-02 8.750703048611431500e-02 5.185714285714282390e-02 1.901785593874091296e-01
3.100000000000002753e-02 8.454512673512848409e-02 3.114285714285713880e-02 8.694809222506176549e-02 4.028571428571425805e-02 1.089560416108762558e-01 4.728571428571426427e-02 1.672310908855829392e-01
2.500000000000002220e-02 7.470813290668559814e-02 2.557142857142857828e-02 7.760660866797675084e-02 3.771428571428570020e-02 9.946199832841789990e-02 4.814285714285715390e-02 1.763367414072427586e-01
2.942857142857147057e-02 7.398507420168753956e-02 2.914285714285713702e-02 7.559238696457575013e-02 2.857142857142858094e-02 7.850672503664049562e-02 3.528571428571425361e-02 1.469860403355867096e-01
2.928571428571424828e-02 7.567803402685525926e-02 2.942857142857147057e-02 7.736176796602754757e-02 3.285714285714280702e-02 8.404473565515704903e-02 3.800000000000003375e-02 1.437260988842814502e-01
2.657142857142857917e-02 6.848763029861988649e-02 2.628571428571424562e-02 6.936131183153193547e-02 2.728571428571424651e-02 7.059641304048765165e-02 4.485714285714281768e-02 2.362255788983931015e-01
2.771428571428569132e-02 8.164094087075431105e-02 2.814285714285713613e-02 8.395897628506210353e-02 3.271428571428569576e-02 9.399022241321972060e-02 9.050000000000000266e-01 1.620272533925114278e+00
2.600000000000002309e-02 6.876377385699650180e-02 2.542857142857146702e-02 7.077117982572612986e-02 2.614285714285713436e-02 7.080491727427629112e-02 4.200000000000003730e-02 1.827353727652229753e-01
2.642857142857146791e-02 7.175202900532524908e-02 2.557142857142857828e-02 7.344821966946767089e-02 2.614285714285713436e-02 7.568944432491006569e-02 3.700000000000003286e-02 1.557356140976726699e-01
2.371428571428568777e-02 1.920836196197681922e-01 2.242857142857146435e-02 1.058250923212636779e-01 2.414285714285713258e-02 7.157656715083908494e-02 3.157142857142858361e-02 1.338709836013975696e-01
3.114285714285713880e-02 8.275655040233610704e-02 3.128571428571425006e-02 8.517854095185488361e-02 3.442857142857147501e-02 9.090198091487530774e-02 4.185714285714281502e-02 1.666127139125172241e-01
2.814285714285713613e-02 7.534123841636736207e-02 2.685714285714280170e-02 7.618382174058774270e-02 2.871428571428569221e-02 8.082468077679356988e-02 3.685714285714281058e-02 1.482024945507827984e-01
2.571428571428568954e-02 7.035829197057073825e-02 2.514285714285713347e-02 7.282837425893701200e-02 2.614285714285713436e-02 7.716537817000745925e-02 3.542857142857147590e-02 1.516121893708547441e-01
2.642857142857146791e-02 7.062564470071847067e-02 2.600000000000002309e-02 7.284074527515400910e-02 2.771428571428569132e-02 7.782293961354186385e-02 3.457142857142858627e-02 1.431943629984612776e-01
2.657142857142857917e-02 7.302576738549250435e-02 2.700000000000002398e-02 7.526911402799568718e-02 3.942857142857147945e-02 1.042492263179622958e-01 5.257142857142860226e-02 1.913488998710078937e-01
2.842857142857146968e-02 7.760640280286199011e-02 2.800000000000002487e-02 7.649948730657452067e-02 2.842857142857146968e-02 8.163585828236351316e-02 3.428571428571425272e-02 1.345739583386517391e-01
2.871428571428569221e-02 7.753171724042108581e-02 2.800000000000002487e-02 7.885399478390768546e-02 3.100000000000002753e-02 8.792651328909195652e-02 4.014285714285714679e-02 1.549966391049289460e-01
2.900000000000002576e-02 7.957498762451653551e-02 2.885714285714280347e-02 8.157212261245450069e-02 3.200000000000002842e-02 8.796963898626776468e-02 4.285714285714281591e-02 1.881858108221536041e-01
2.557142857142857828e-02 7.749425048482422307e-02 2.514285714285713347e-02 7.999327245732350267e-02 2.957142857142858183e-02 8.183720405007574583e-02 4.314285714285714946e-02 1.814984646232132570e-01
2.400000000000002132e-02 7.341335081219391157e-02 2.400000000000002132e-02 7.605615875366321388e-02 3.642857142857147679e-02 9.430766883399341327e-02 5.485714285714282656e-02 1.998320539237447291e-01
3.271428571428569576e-02 8.499587432500795015e-02 3.171428571428569487e-02 8.481107281940433729e-02 3.542857142857147590e-02 9.489848096934305755e-02 5.271428571428571352e-02 1.997842404034106956e-01
2.728571428571424651e-02 7.360055098788469141e-02 2.685714285714280170e-02 7.536181635806779577e-02 3.057142857142858272e-02 8.315327721416279627e-02 3.828571428571425628e-02 1.568716479524139007e-01
2.628571428571424562e-02 7.015067170106521754e-02 2.571428571428568954e-02 7.221177691095159723e-02 2.742857142857146879e-02 7.324230802741350799e-02 3.885714285714281235e-02 1.591546441899201192e-01
2.514285714285713347e-02 6.938194329307402486e-02 2.528571428571424473e-02 7.214877463621875708e-02 2.900000000000002576e-02 7.826340982515679612e-02 9.764285714285714235e-01 9.592676496703888001e-01
2.900000000000002576e-02 7.432137515919826076e-02 2.885714285714280347e-02 7.540617157351553468e-02 3.242857142857147323e-02 9.150006208518178530e-02 8.014285714285718232e-02 2.720988418134314135e-01
3.114285714285713880e-02 7.536549945344853119e-02 2.971428571428569310e-02 7.650253319917071915e-02 3.142857142857147235e-02 8.425270379786994890e-02 4.000000000000003553e-02 1.453185942864195224e-01
2.685714285714280170e-02 7.376716482003677078e-02 2.657142857142857917e-02 7.482791783617215309e-02 2.757142857142858006e-02 7.729961134490682950e-02 4.371428571428570553e-02 1.646281397090023635e-01
2.700000000000002398e-02 7.249285679540418137e-02 2.685714285714280170e-02 7.544838405313555874e-02 2.885714285714280347e-02 7.746856920367165000e-02 4.857142857142859871e-02 1.951496495742184589e-01
2.928571428571424828e-02 7.879948959118922291e-02 2.885714285714280347e-02 7.946194596972999680e-02 3.657142857142858805e-02 1.041097137874583411e-01 9.707142857142857517e-01 9.402229404424441439e-01
2.742857142857146879e-02 7.451167387561045963e-02 2.742857142857146879e-02 7.573158028312552970e-02 2.857142857142858094e-02 8.050506933295824286e-02 3.900000000000003464e-02 1.584420553759222361e-01
2.871428571428569221e-02 7.374232278991918466e-02 2.900000000000002576e-02 7.544659656301228035e-02 2.857142857142858094e-02 7.987959062379437758e-02 4.714285714285715301e-02 1.795110513172244182e-01
3.171428571428569487e-02 8.322294614341491092e-02 3.142857142857147235e-02 8.342821034927477841e-02 3.371428571428569665e-02 8.793589999864437345e-02 3.800000000000003375e-02 1.622393069149956901e-01
2.871428571428569221e-02 7.659335915129655836e-02 2.914285714285713702e-02 7.819217177208943881e-02 3.114285714285713880e-02 8.483906627829145009e-02 3.671428571428569931e-02 1.493122058268307184e-01
2.757142857142858006e-02 7.384235677084920180e-02 2.685714285714280170e-02 7.490684238185715826e-02 2.957142857142858183e-02 8.019980571359015820e-02 4.642857142857137465e-02 1.841004379166038818e-01
3.100000000000002753e-02 8.425202613602714163e-02 3.128571428571425006e-02 8.650684613425874137e-02 3.814285714285714501e-02 1.037596126554406056e-01 1.064285714285714279e-01 3.483139031871276270e-01
2.457142857142857739e-02 7.343219593745600737e-02 2.457142857142857739e-02 7.602517356713890673e-02 3.200000000000002842e-02 8.388671247534430775e-02 4.357142857142859427e-02 1.740085416521316986e-01
2.828571428571424740e-02 7.682683109886744022e-02 2.857142857142858094e-02 7.871767180699131006e-02 3.028571428571424917e-02 8.362285667094895847e-02 9.757142857142853121e-02 3.216149012916930117e-01
2.714285714285713524e-02 7.403706680353550063e-02 2.728571428571424651e-02 7.644055569883841106e-02 2.828571428571424740e-02 8.130168484360306147e-02 4.385714285714281679e-02 1.738227691544755316e-01
3.157142857142858361e-02 8.393446300968769591e-02 3.042857142857147146e-02 8.499861786391320340e-02 4.600000000000004086e-02 1.219849902777037087e-01 9.627142857142857446e-01 9.447436008310581279e-01
2.728571428571424651e-02 7.524765937351383938e-02 2.700000000000002398e-02 7.672528618759288932e-02 2.900000000000002576e-02 8.403056631217677153e-02 4.014285714285714679e-02 1.649644820523862021e-01
2.657142857142857917e-02 7.694793636914729063e-02 2.657142857142857917e-02 7.823947120687128887e-02 3.100000000000002753e-02 9.666872240076757050e-02 9.761428571428570899e-01 9.526416657828995493e-01
2.742857142857146879e-02 7.851037519364170714e-02 2.671428571428569043e-02 8.070101885514617546e-02 3.042857142857147146e-02 8.154965072139895577e-02 7.885714285714284788e-02 2.740120248141553194e-01
3.057142857142858272e-02 7.830648140081281072e-02 2.957142857142858183e-02 7.834336848052919633e-02 2.842857142857146968e-02 8.115780541039492590e-02 3.342857142857147412e-02 1.339735592930718366e-01
2.371428571428568777e-02 6.825671507279695849e-02 2.385714285714291005e-02 7.037064035728440858e-02 2.628571428571424562e-02 7.570305990901353421e-02 3.714285714285714413e-02 1.584181041311239768e-01
2.700000000000002398e-02 7.091649591936773078e-02 2.728571428571424651e-02 7.279860213926012125e-02 2.814285714285713613e-02 7.609435027296082565e-02 3.885714285714281235e-02 1.763870914010098601e-01
2.342857142857146524e-02 6.988710906618553209e-02 2.385714285714291005e-02 7.214195632722156248e-02 2.500000000000002220e-02 7.353259791309563198e-02 3.442857142857147501e-02 1.548854923718099574e-01
2.728571428571424651e-02 7.740252860172866511e-02 2.728571428571424651e-02 7.919409006740202317e-02 3.100000000000002753e-02 8.965182634499524461e-02 5.814285714285716278e-02 2.335727349180322376e-01
2.542857142857146702e-02 7.307070850390007255e-02 2.528571428571424473e-02 7.482679179513650192e-02 2.814285714285713613e-02 7.780940520861263920e-02 4.228571428571425983e-02 1.666265534193056286e-01
2.457142857142857739e-02 9.945372975713602515e-02 2.414285714285713258e-02 1.028109555014269233e-01 3.257142857142858450e-02 9.456789551772745717e-02 1.898571428571428354e-01 3.909711217888119927e-01
2.414285714285713258e-02 7.104657234776334818e-02 2.371428571428568777e-02 7.377558066524350644e-02 2.557142857142857828e-02 7.199492038760824109e-02 6.171428571428572152e-02 2.353054033595248784e-01
2.885714285714280347e-02 7.688322316635563813e-02 2.828571428571424740e-02 7.902949325380850820e-02 3.114285714285713880e-02 8.209525210147293472e-02 8.499999999999996447e-02 2.807479426899607278e-01
