2.433333333333332904e-01 4.765823503233935776e-01 2.399999999999999911e-01 4.758599384061336646e-01 2.366666666666666918e-01 4.755461553382989148e-01 2.399999999999999911e-01 4.758834365554317491e-01
2.099999999999999645e-01 4.648123984660328945e-01 2.099999999999999645e-01 4.625878269479441474e-01 2.033333333333333659e-01 4.608618615531948626e-01 2.033333333333333659e-01 4.625720235918846512e-01
2.366666666666666918e-01 4.583895315222535349e-01 2.399999999999999911e-01 4.579209943161017260e-01 2.366666666666666918e-01 4.584635307506945145e-01 2.399999999999999911e-01 4.588789660526680358e-01
2.733333333333333171e-01 5.105020509899048653e-01 2.700000000000000178e-01 5.040078471308533370e-01 2.700000000000000178e-01 5.047182779836164590e-01 2.700000000000000178e-01 5.114084690953772938e-01
2.266666666666666829e-01 4.749110402377177409e-01 2.266666666666666829e-01 4.715563036213872850e-01 2.299999999999999822e-01 4.706662091249364521e-01 2.299999999999999822e-01 4.737182473176902997e-01
2.366666666666666918e-01 4.827114949597387517e-01 2.366666666666666918e-01 4.793758622759277666e-01 2.333333333333332815e-01 4.792275256391234639e-01 2.333333333333332815e-01 4.824696442255781426e-01
1.966666666666666563e-01 4.530102828821162553e-01 1.966666666666666563e-01 4.538559411876539884e-01 1.966666666666666563e-01 4.542634884324810995e-01 1.999999999999999556e-01 4.532458283451903935e-01
2.399999999999999911e-01 4.903594438620985652e-01 2.333333333333332815e-01 4.885965171417434028e-01 2.333333333333332815e-01 4.891156148623048150e-01 2.333333333333332815e-01 4.908358589095622171e-01
2.433333333333332904e-01 4.763223630068528225e-01 2.433333333333332904e-01 4.746016629628344030e-01 2.466666666666667007e-01 4.758403369403618188e-01 2.500000000000000000e-01 4.774762361902293306e-01
2.233333333333333837e-01 4.807524714158821211e-01 2.233333333333333837e-01 4.778012732787091932e-01 2.199999999999999734e-01 4.790112539387529345e-01 2.199999999999999734e-01 4.827785954203875352e-01
2.500000000000000000e-01 5.005120950124414270e-01 2.533333333333332993e-01 4.962295685059384120e-01 2.566666666666667096e-01 4.965226719035069625e-01 2.533333333333332993e-01 5.007879574368485631e-01
2.299999999999999822e-01 4.816137458215023481e-01 2.333333333333332815e-01 4.801143240393039857e-01 2.366666666666666918e-01 4.800914664884889382e-01 2.333333333333332815e-01 4.816553340191370713e-01
2.466666666666667007e-01 5.253819017407785896e-01 2.433333333333332904e-01 5.180100566698335740e-01 2.466666666666667007e-01 5.215734012467870828e-01 2.433333333333332904e-01 5.291402086896406232e-01
2.366666666666666918e-01 4.897463148452493309e-01 2.366666666666666918e-01 4.856111372528609804e-01 2.366666666666666918e-01 4.848933822995134535e-01 2.366666666666666918e-01 4.888321550844919039e-01
2.199999999999999734e-01 4.588789803403459655e-01 2.199999999999999734e-01 4.599608486801349816e-01 2.199999999999999734e-01 4.590338981785430650e-01 2.266666666666666829e-01 4.578286447260553338e-01
2.299999999999999822e-01 4.614802689306550243e-01 2.299999999999999822e-01 4.620492490730067625e-01 2.366666666666666918e-01 4.664821047614744476e-01 2.399999999999999911e-01 4.665584635591160101e-01
2.066666666666666652e-01 4.443024752740231675e-01 2.066666666666666652e-01 4.492912425144519051e-01 2.066666666666666652e-01 4.496047379901290109e-01 2.066666666666666652e-01 4.443808798716936126e-01
2.500000000000000000e-01 4.707675939373086038e-01 2.500000000000000000e-01 4.707289387388852719e-01 2.466666666666667007e-01 4.703542708612741263e-01 2.466666666666667007e-01 4.701553229309897164e-01
2.033333333333333659e-01 4.891654484865889385e-01 2.033333333333333659e-01 4.851575320390116297e-01 2.099999999999999645e-01 4.892647162654411575e-01 2.099999999999999645e-01 4.937927555941605262e-01
2.666666666666667185e-01 5.026447417061404854e-01 2.666666666666667185e-01 4.987606608617599635e-01 2.600000000000000089e-01 4.997543296405323465e-01 2.600000000000000089e-01 5.036537686207498421e-01
