5.500000000000004885e-02 2.043965749346449423e-01 5.657142857142860581e-02 2.108610455902946157e-01 4.514285714285715123e-02 1.880213332260392556e-01 4.328571428571426072e-02 2.005802597698304046e-01
5.300000000000004707e-02 2.072869508524569082e-01 5.542857142857138264e-02 2.136967355537995605e-01 5.014285714285715567e-02 1.973647117815244267e-01 5.200000000000004619e-02 2.110022892642531289e-01
4.914285714285715478e-02 2.015425546698602632e-01 5.114285714285715656e-02 2.080415093339564592e-01 4.214285714285714857e-02 1.883129658644756566e-01 4.185714285714281502e-02 1.988601493959525346e-01
6.142857142857138797e-02 2.147418129851848267e-01 6.299999999999994493e-02 2.213604575435571542e-01 4.957142857142859960e-02 1.949511634880499444e-01 4.571428571428570731e-02 2.073148667381830845e-01
5.200000000000004619e-02 2.020857709043502870e-01 5.471428571428571530e-02 2.088145079386450054e-01 4.185714285714281502e-02 1.863096100283855860e-01 3.985714285714281324e-02 2.001024870975596226e-01
7.185714285714284166e-02 2.264055609399480695e-01 7.385714285714284344e-02 2.327634398902748702e-01 5.842857142857138530e-02 2.116371811572343720e-01 5.642857142857138353e-02 2.263641448209276763e-01
5.014285714285715567e-02 1.974612180998646660e-01 5.228571428571426871e-02 2.046357644595751257e-01 4.371428571428570553e-02 1.817194953706686711e-01 3.642857142857147679e-02 1.836731791420320725e-01
4.257142857142859338e-02 1.900170325064403087e-01 4.385714285714281679e-02 1.966263814246765051e-01 3.785714285714281147e-02 1.786649659653124778e-01 3.771428571428570020e-02 1.885098379389652523e-01
4.257142857142859338e-02 1.966641762415407835e-01 4.557142857142859604e-02 2.033345909193422507e-01 3.571428571428569843e-02 1.873952627926773751e-01 3.814285714285714501e-02 2.023922611620780909e-01
3.600000000000003197e-02 1.879088731865365403e-01 3.742857142857147768e-02 1.947672552826670844e-01 3.142857142857147235e-02 1.806686338027767291e-01 3.585714285714280969e-02 1.971340679071995894e-01
4.314285714285714946e-02 1.992203214566338199e-01 4.571428571428570731e-02 2.061771930890626547e-01 3.714285714285714413e-02 1.864779863404010807e-01 3.571428571428569843e-02 2.003504960583742112e-01
4.471428571428570642e-02 1.973861163281342146e-01 4.614285714285715212e-02 2.039716486123595018e-01 4.014285714285714679e-02 1.864042355238740567e-01 4.385714285714281679e-02 2.025641355296490531e-01
5.142857142857137909e-02 2.038347204050046380e-01 5.357142857142860315e-02 2.108411231493017013e-01 4.357142857142859427e-02 1.858052945798240319e-01 4.057142857142859160e-02 1.878798064998107864e-01
5.614285714285716100e-02 2.090200001492011350e-01 5.871428571428571885e-02 2.156166057455342899e-01 4.957142857142859960e-02 1.958633561219366159e-01 5.671428571428571708e-02 2.184896241322933641e-01
6.214285714285716633e-02 2.248025957006747344e-01 6.528571428571428026e-02 2.306303897566594763e-01 5.557142857142860493e-02 2.059052675386065234e-01 5.400000000000004796e-02 2.196923014797871887e-01
6.885714285714283900e-02 2.268139427891903703e-01 7.085714285714284077e-02 2.324645469947835552e-01 5.928571428571427493e-02 2.052409477108198821e-01 6.171428571428572152e-02 2.254824085270749623e-01
6.114285714285716544e-02 2.169437718958067973e-01 6.414285714285716811e-02 2.232234942324022031e-01 5.257142857142860226e-02 2.014961061013082477e-01 5.314285714285715834e-02 2.267547982757812663e-01
5.071428571428571175e-02 2.011430214041282083e-01 5.242857142857137998e-02 2.079446853940623563e-01 4.371428571428570553e-02 1.858557729465567243e-01 3.985714285714281324e-02 1.929925221445512318e-01
6.914285714285717255e-02 2.206217903701545857e-01 7.157142857142861914e-02 2.284631171473649469e-01 5.414285714285715923e-02 2.023576882046201897e-01 3.542857142857147590e-02 1.967012785923325513e-01
5.042857142857137820e-02 2.035811216961081749e-01 5.228571428571426871e-02 2.105634328833866364e-01 4.314285714285714946e-02 1.888450618864753183e-01 3.742857142857147768e-02 1.979990386928978385e-01
