1.140229885057471026e-01 2.837073445116612413e-01 1.126436781609195803e-01 2.881015962502281869e-01 1.025287356321838983e-01 2.675275067894569148e-01 1.002298850574712130e-01 2.667102385352282945e-01
1.158620689655172065e-01 2.984254548289018150e-01 1.149425287356321546e-01 3.007200918066032513e-01 1.089655172413792616e-01 2.802119585336081409e-01 1.098850574712643136e-01 2.796663269031338106e-01
1.397701149425287781e-01 3.221607267853582868e-01 1.393103448275861966e-01 3.210151301205251828e-01 1.186206896551723622e-01 2.865066699885550072e-01 2.519540229885057769e-01 6.458875754742898767e-01
1.314942528735631999e-01 3.169891151497208903e-01 1.314942528735631999e-01 3.182702790666817605e-01 1.204597701149425770e-01 2.881168031687463826e-01 4.266666666666666385e-01 6.868610552345371101e-01
1.411494252873563005e-01 3.178154395008355726e-01 1.393103448275861966e-01 3.182309906310570313e-01 1.264367816091953589e-01 2.906416825910685398e-01 1.236781609195402032e-01 2.894675702261837458e-01
1.406896551724138300e-01 3.281586829764564506e-01 1.397701149425287781e-01 3.274216074316186886e-01 1.278160919540229923e-01 3.044575398971419156e-01 1.296551724137930961e-01 3.029341188270570639e-01
1.154022988505747360e-01 2.883789057419874902e-01 1.131034482758620507e-01 2.906116327665677623e-01 1.140229885057471026e-01 2.811565521480789420e-01 1.131034482758620507e-01 2.812673648669926640e-01
1.204597701149425770e-01 3.091926958118902391e-01 1.204597701149425770e-01 3.110149494846938256e-01 1.071264367816091578e-01 2.833634827239135956e-01 4.818390804597700861e-01 6.931471805599095370e-01
1.360919540229884594e-01 3.267867850657680817e-01 1.351724137931034075e-01 3.256162932715770952e-01 1.222988505747126808e-01 2.994209502146258917e-01 1.222988505747126808e-01 2.945287008101452608e-01
1.149425287356321546e-01 2.909162104791807035e-01 1.140229885057471026e-01 2.942004727736999836e-01 1.011494252873563759e-01 2.715088123991601377e-01 4.836781609195401899e-01 6.931471805599095370e-01
1.429885057471264043e-01 3.117436415088002399e-01 1.420689655172413524e-01 3.126116962276207500e-01 1.255172413793103070e-01 2.862300884223360486e-01 1.264367816091953589e-01 2.863405357853414657e-01
1.222988505747126808e-01 2.978704186322905234e-01 1.222988505747126808e-01 3.028225689545497867e-01 1.071264367816091578e-01 2.751106799772810585e-01 1.066666666666666874e-01 2.742891599483978093e-01
1.314942528735631999e-01 3.143209187047050213e-01 1.314942528735631999e-01 3.153551269536302715e-01 1.121839080459769988e-01 2.804488354209398460e-01 4.859770114942528751e-01 6.931471805599095370e-01
1.347126436781609371e-01 3.094066927588809413e-01 1.337931034482758852e-01 3.112620742204741942e-01 1.209195402298850475e-01 2.838959803209638033e-01 2.758620689655172376e-01 6.504385410584749838e-01
1.222988505747126808e-01 3.054311163011158570e-01 1.227586206896551513e-01 3.095441850114010185e-01 1.117241379310345284e-01 2.837413515733703817e-01 1.154022988505747360e-01 2.847831281938620340e-01
1.402298850574712485e-01 3.216935874938817719e-01 1.374712643678160928e-01 3.216835770012103635e-01 1.218390804597700994e-01 2.947532573441565273e-01 1.213793103448276289e-01 2.946589451876331367e-01
1.370114942528735114e-01 3.240817775585562166e-01 1.370114942528735114e-01 3.240569114949935492e-01 1.268965517241379404e-01 2.916501474789603421e-01 1.296551724137930961e-01 2.920307330641316312e-01
1.333333333333333037e-01 3.110574324842068084e-01 1.319540229885057814e-01 3.125321935352146641e-01 1.181609195402298917e-01 2.838570728232037710e-01 1.190804597701149437e-01 2.819811495239507582e-01
1.250574712643678366e-01 3.020161907154371717e-01 1.241379310344827847e-01 3.034586908907538350e-01 1.108045977011494765e-01 2.766770057483149414e-01 1.103448275862068950e-01 2.783525719796188236e-01
1.282758620689654627e-01 3.180714563100627834e-01 1.268965517241379404e-01 3.182726312629678422e-01 1.144827586206896841e-01 2.885392107153119667e-01 1.149425287356321546e-01 2.872393082348440596e-01
