6.743052169673330321e-01 6.931513983958120795e-01 6.743052169673330321e-01 6.931513984412386309e-01 6.743052169673330321e-01 6.939117946950214000e-01 6.743052169673330321e-01 6.939125055703898592e-01
6.757679180887372627e-01 6.931609135363548946e-01 6.757679180887372627e-01 6.931609127895707045e-01 6.757679180887372627e-01 7.110735569555277635e-01 6.757679180887372627e-01 7.114319234276494930e-01
2.330570453437347256e-01 6.931471709998308084e-01 2.330570453437347256e-01 6.931471709998968667e-01 2.330570453437347256e-01 6.929826028995239584e-01 2.330570453437347256e-01 6.929825939523572842e-01
2.910775231594344703e-01 6.931471771109637414e-01 2.910775231594344703e-01 6.931471771110772062e-01 2.910775231594344703e-01 6.930527869192674162e-01 2.910775231594344703e-01 6.930527785031509458e-01
6.752803510482691118e-01 6.931622164169385369e-01 6.752803510482691118e-01 6.931622161243715663e-01 6.752803510482691118e-01 7.133704288173460251e-01 6.752803510482691118e-01 7.137757891627894979e-01
6.777181862506094223e-01 6.931479219848715179e-01 6.777181862506094223e-01 6.931479219829891347e-01 6.777181862506094223e-01 6.932460518007419470e-01 6.777181862506094223e-01 6.932462081596995063e-01
6.806435884934178837e-01 8.249023757215766528e-01 6.806435884934178837e-01 8.167491997877341925e-01 6.806435884934178837e-01 7.958628718755774711e-01 6.806435884934178837e-01 8.023624286111786796e-01
6.811311555338859236e-01 6.931474633435362742e-01 6.811311555338859236e-01 6.931474633259603335e-01 6.811311555338859236e-01 6.932222210033139875e-01 6.811311555338859236e-01 6.932222251210372610e-01
6.757679180887372627e-01 6.931471851833492792e-01 6.757679180887372627e-01 6.931471851836022990e-01 6.757679180887372627e-01 6.932354035317681573e-01 6.757679180887372627e-01 6.932354501208350950e-01
3.203315455875183071e-01 6.931467905137370655e-01 3.203315455875183071e-01 6.931467905151651454e-01 3.203315455875183071e-01 6.930393577327089716e-01 3.203315455875183071e-01 6.930393508047278939e-01
6.801560214529498438e-01 6.931471787340992563e-01 6.801560214529498438e-01 6.931471787352436742e-01 4.470989761092150072e-01 6.930391845443856225e-01 4.470989761092150072e-01 6.930391951102462533e-01
2.262311067771818340e-01 6.931447803206274294e-01 2.262311067771818340e-01 6.931447802877827025e-01 2.262311067771818340e-01 6.930534785150743726e-01 2.262311067771818340e-01 6.930534737965116099e-01
6.699171136031204510e-01 6.931471794596508751e-01 6.699171136031204510e-01 6.931471794595744917e-01 6.699171136031204510e-01 6.931740407923925318e-01 6.699171136031204510e-01 6.931740707108081656e-01
6.674792784007801405e-01 6.931467347474419283e-01 6.674792784007801405e-01 6.931467347568307513e-01 6.777181862506094223e-01 6.931378662545196745e-01 6.777181862506094223e-01 6.931378667665522020e-01
6.791808873720136530e-01 6.931471807305434885e-01 6.791808873720136530e-01 6.931471807305596977e-01 6.791808873720136530e-01 6.931864342227614939e-01 6.791808873720136530e-01 6.931864609685495227e-01
6.738176499268648811e-01 6.931467019376406080e-01 6.738176499268648811e-01 6.931467019505134219e-01 6.738176499268648811e-01 6.931197201689435206e-01 6.738176499268648811e-01 6.931197207821283568e-01
6.747927840078010719e-01 6.931471791029241158e-01 6.747927840078010719e-01 6.931471791031470486e-01 6.747927840078010719e-01 6.931264679498554404e-01 6.747927840078010719e-01 6.931264976427327085e-01
6.757679180887372627e-01 6.931481502704296416e-01 6.757679180887372627e-01 6.931481502584744270e-01 6.757679180887372627e-01 7.278706030311080655e-01 6.757679180887372627e-01 7.287572798994269574e-01
6.772306192101413824e-01 6.931474211858621448e-01 6.772306192101413824e-01 6.931474211854126155e-01 6.772306192101413824e-01 6.932416672492538456e-01 6.772306192101413824e-01 6.932417050507739820e-01
2.286689419795221445e-01 6.931471750250177699e-01 2.286689419795221445e-01 6.931471750254628583e-01 2.286689419795221445e-01 6.930281424185216199e-01 2.286689419795221445e-01 6.930281283563993755e-01
