2.685714285714280170e-02 7.852593943114519193e-02 2.600000000000002309e-02 7.947030716156640306e-02 3.242857142857147323e-02 9.130371805117415418e-02 4.528571428571426249e-02 1.781302343648904496e-01
2.785714285714280258e-02 7.603596563983572310e-02 2.800000000000002487e-02 7.847512866427582001e-02 3.242857142857147323e-02 8.732500132082512967e-02 3.985714285714281324e-02 1.444108293200032089e-01
3.171428571428569487e-02 7.814231172075239429e-02 3.185714285714280614e-02 7.967487209197463005e-02 3.228571428571425095e-02 8.586734623934226540e-02 3.928571428571425717e-02 1.570505070848701723e-01
3.657142857142858805e-02 8.635411386253186161e-02 3.628571428571425450e-02 8.720585528852063673e-02 3.528571428571425361e-02 8.833109083143012019e-02 3.728571428571425539e-02 1.607523061976062762e-01
2.900000000000002576e-02 7.415288215391185878e-02 2.900000000000002576e-02 7.510674202015471534e-02 2.985714285714280436e-02 8.301513937876499327e-02 3.371428571428569665e-02 1.282067509895670199e-01
2.971428571428569310e-02 7.795050220911381444e-02 2.942857142857147057e-02 7.977842348872347944e-02 3.214285714285713969e-02 8.548249997319454230e-02 6.899999999999995026e-02 2.509164569805195089e-01
2.928571428571424828e-02 7.904677345871284622e-02 2.914285714285713702e-02 8.132692201374348839e-02 3.014285714285713791e-02 8.375505882711634098e-02 4.014285714285714679e-02 1.703473331577915750e-01
2.557142857142857828e-02 6.983477135747717668e-02 2.600000000000002309e-02 7.188733036018475631e-02 2.957142857142858183e-02 7.842361972596950670e-02 3.700000000000003286e-02 1.389725070304612120e-01
2.800000000000002487e-02 7.534939775771075376e-02 2.685714285714280170e-02 7.562358029980459362e-02 2.857142857142858094e-02 8.130898548047521546e-02 4.885714285714282124e-02 1.808166064058571998e-01
2.528571428571424473e-02 7.916787234543523621e-02 2.585714285714291183e-02 8.208019308228695077e-02 3.757142857142858894e-02 1.015370314000648838e-01 4.000000000000003553e-02 1.542924087291045743e-01
2.657142857142857917e-02 7.601194762133478555e-02 2.657142857142857917e-02 7.832274862647020663e-02 3.028571428571424917e-02 8.413685145878060934e-02 4.585714285714281857e-02 1.966737898929012685e-01
2.557142857142857828e-02 7.608570109158437067e-02 2.528571428571424473e-02 7.844594816200599341e-02 2.885714285714280347e-02 8.235596367143951935e-02 4.685714285714281946e-02 1.852523934231219693e-01
3.071428571428569398e-02 8.524353457109408450e-02 3.057142857142858272e-02 8.554216320419477659e-02 4.928571428571426605e-02 1.510889665339422427e-01 9.737142857142857544e-01 9.502389011928853435e-01
2.542857142857146702e-02 6.947373753628613424e-02 2.471428571428568866e-02 7.096709103005731378e-02 2.900000000000002576e-02 7.811748833472517695e-02 4.857142857142859871e-02 1.853677830708302943e-01
2.971428571428569310e-02 8.004433370238392409e-02 2.971428571428569310e-02 8.115397712739276515e-02 3.457142857142858627e-02 9.483442232608371714e-02 4.357142857142859427e-02 1.627364079369399419e-01
2.857142857142858094e-02 7.690447889220292099e-02 2.857142857142858094e-02 7.865670819009257242e-02 3.528571428571425361e-02 9.708671699245603748e-02 9.725714285714285312e-01 9.556414608798724508e-01
2.742857142857146879e-02 7.670988008402010450e-02 2.785714285714280258e-02 7.937553824860145435e-02 4.628571428571426338e-02 1.217721413590953095e-01 9.547142857142857375e-01 7.526042176132988537e+00
2.457142857142857739e-02 7.483694972944084089e-02 2.471428571428568866e-02 7.763392785419538644e-02 3.557142857142858716e-02 9.115644361652161520e-02 9.758571428571428674e-01 9.581195367801358387e-01
2.885714285714280347e-02 7.378906559175316127e-02 2.900000000000002576e-02 7.510626023859025280e-02 3.185714285714280614e-02 8.240883316105951373e-02 4.500000000000003997e-02 1.794272050909928029e-01
3.085714285714280525e-02 7.766146239132988571e-02 3.042857142857147146e-02 7.734381482423395571e-02 3.071428571428569398e-02 8.182455745923360169e-02 4.414285714285715034e-02 1.734583573071842577e-01
