2.597402597402597157e-01 5.325902952195712414e-01 2.597402597402597157e-01 5.295112243950752529e-01 2.727272727272727071e-01 5.319152894185753544e-01 2.727272727272727071e-01 5.352553169890077456e-01
3.506493506493506551e-01 5.981909111911108967e-01 3.506493506493506551e-01 5.931962989274323084e-01 3.506493506493506551e-01 6.012476984740858788e-01 3.506493506493506551e-01 6.067208497442370119e-01
2.727272727272727071e-01 5.400380219417511007e-01 2.727272727272727071e-01 5.364680604441939282e-01 2.597402597402597157e-01 5.349165433759973665e-01 2.727272727272727071e-01 5.381900084787659688e-01
2.337662337662337331e-01 4.937052458839843450e-01 2.337662337662337331e-01 4.959671145296309924e-01 2.337662337662337331e-01 4.942997278211603285e-01 2.337662337662337331e-01 4.918638858559887250e-01
3.246753246753246724e-01 6.406677480867990493e-01 3.246753246753246724e-01 6.262676634647950102e-01 3.246753246753246724e-01 6.244572064218026908e-01 3.246753246753246724e-01 6.385445930567347217e-01
3.116883116883116811e-01 5.703690537534215066e-01 2.987012987012986898e-01 5.676250716549422481e-01 3.116883116883116811e-01 5.670437255992616388e-01 2.987012987012986898e-01 5.695989913077338374e-01
2.337662337662337331e-01 5.202533371159906439e-01 2.337662337662337331e-01 5.184050204826096131e-01 2.467532467532467244e-01 5.194161326616645313e-01 2.337662337662337331e-01 5.210375253908758886e-01
2.857142857142856984e-01 5.986067884119018467e-01 2.857142857142856984e-01 5.893354771170139506e-01 2.727272727272727071e-01 5.871068009460985726e-01 2.727272727272727071e-01 5.957993737210270924e-01
3.116883116883116811e-01 5.488724694512704394e-01 3.116883116883116811e-01 5.476368303367399326e-01 3.116883116883116811e-01 5.444416646181453601e-01 3.116883116883116811e-01 5.451345784942859263e-01
3.116883116883116811e-01 5.681362554024046441e-01 2.857142857142856984e-01 5.637173776412709447e-01 2.987012987012986898e-01 5.629350347590040826e-01 2.857142857142856984e-01 5.667917541810538751e-01
2.727272727272727071e-01 5.395867617115284176e-01 2.727272727272727071e-01 5.380461421042511683e-01 2.597402597402597157e-01 5.379658432635131549e-01 2.597402597402597157e-01 5.393646460796446274e-01
2.987012987012986898e-01 5.857119148951149823e-01 2.987012987012986898e-01 5.780508462431906969e-01 3.116883116883116811e-01 5.747964868421934215e-01 3.116883116883116811e-01 5.816134407617550295e-01
2.987012987012986898e-01 5.427578697832737831e-01 2.987012987012986898e-01 5.425705062978609661e-01 2.987012987012986898e-01 5.407213881785204457e-01 2.987012987012986898e-01 5.404531114575791273e-01
2.337662337662337331e-01 4.944350254812362455e-01 2.467532467532467244e-01 4.981758579858326930e-01 2.337662337662337331e-01 4.975149119455659075e-01 2.337662337662337331e-01 4.935460442218367327e-01
1.818181818181817677e-01 4.439978693964642953e-01 1.818181818181817677e-01 4.514566824120404553e-01 1.688311688311687764e-01 4.532944522728304393e-01 1.818181818181817677e-01 4.458781975189031743e-01
3.246753246753246724e-01 6.390882293039336082e-01 3.246753246753246724e-01 6.292523471759999820e-01 3.246753246753246724e-01 6.278981667795878741e-01 3.246753246753246724e-01 6.374309654182723772e-01
2.077922077922077504e-01 4.818388313665422640e-01 2.077922077922077504e-01 4.843632216602752338e-01 2.077922077922077504e-01 4.850347349480909065e-01 2.077922077922077504e-01 4.822781141905443936e-01
2.337662337662337331e-01 4.606256460452683443e-01 2.337662337662337331e-01 4.672535434842861601e-01 2.337662337662337331e-01 4.669170495046877645e-01 2.337662337662337331e-01 4.602199852373431432e-01
2.337662337662337331e-01 5.500124958924923479e-01 2.337662337662337331e-01 5.438857164206847283e-01 2.337662337662337331e-01 5.412171728185241060e-01 2.337662337662337331e-01 5.464820032838302311e-01
2.727272727272727071e-01 5.298597323246572177e-01 2.857142857142856984e-01 5.286712081997472223e-01 2.857142857142856984e-01 5.261211445565017186e-01 2.857142857142856984e-01 5.267743352136584623e-01
