1.966666666666666563e-01 4.418174888173057591e-01 1.999999999999999556e-01 4.459538700902664909e-01 1.999999999999999556e-01 4.558570979227334896e-01 2.033333333333333659e-01 4.519721862951917024e-01
2.166666666666666741e-01 4.883333871874995791e-01 2.133333333333333748e-01 4.858597340941016030e-01 2.199999999999999734e-01 4.877841844650975256e-01 2.199999999999999734e-01 4.903307057650235223e-01
2.266666666666666829e-01 4.842075302840760376e-01 2.299999999999999822e-01 4.813968221531496061e-01 2.399999999999999911e-01 4.897872177280804817e-01 2.399999999999999911e-01 4.935990587433634613e-01
2.066666666666666652e-01 4.513592976104690568e-01 2.033333333333333659e-01 4.520044749802312190e-01 2.033333333333333659e-01 4.524817670883463094e-01 2.033333333333333659e-01 4.519825948290567275e-01
2.500000000000000000e-01 5.065552983938202969e-01 2.500000000000000000e-01 5.024333667236924317e-01 2.633333333333333082e-01 5.122520486684968288e-01 2.633333333333333082e-01 5.175405612401218214e-01
2.466666666666667007e-01 5.622506163641389776e-01 2.466666666666667007e-01 5.516762262397165717e-01 2.633333333333333082e-01 5.601106677177745130e-01 2.666666666666667185e-01 5.728377242197110197e-01
2.366666666666666918e-01 4.709116612656418233e-01 2.366666666666666918e-01 4.737867036230932194e-01 2.166666666666666741e-01 4.719038656111249064e-01 2.166666666666666741e-01 4.690132115353806697e-01
2.366666666666666918e-01 4.952873741275000685e-01 2.366666666666666918e-01 4.904283420170001406e-01 2.366666666666666918e-01 5.027255573896086682e-01 2.366666666666666918e-01 5.090706125932064063e-01
2.466666666666667007e-01 4.854938525662630400e-01 2.500000000000000000e-01 4.855040783047965824e-01 2.566666666666667096e-01 4.952760995835185920e-01 2.600000000000000089e-01 4.956585136043974438e-01
2.166666666666666741e-01 4.567075823099750465e-01 2.166666666666666741e-01 4.550213391647123240e-01 2.166666666666666741e-01 4.514071660384453843e-01 2.233333333333333837e-01 4.526572336109333516e-01
2.566666666666667096e-01 4.826520176477301360e-01 2.633333333333333082e-01 4.842463570846991527e-01 2.500000000000000000e-01 4.830473901880026344e-01 2.500000000000000000e-01 4.815520426210768146e-01
2.166666666666666741e-01 4.815451159770039458e-01 2.166666666666666741e-01 4.809174506608618893e-01 2.266666666666666829e-01 4.824997380623540222e-01 2.266666666666666829e-01 4.836824807648792968e-01
2.399999999999999911e-01 4.876785383013179653e-01 2.399999999999999911e-01 4.866618345859542449e-01 2.433333333333332904e-01 4.996381355570462257e-01 2.399999999999999911e-01 5.020152771430722582e-01
2.233333333333333837e-01 4.577721239111379736e-01 2.199999999999999734e-01 4.582290553584185133e-01 2.199999999999999734e-01 4.598394177390560666e-01 2.166666666666666741e-01 4.599919753040501158e-01
2.099999999999999645e-01 4.717354271328968451e-01 2.133333333333333748e-01 4.713270207942542034e-01 2.233333333333333837e-01 4.764262551467980389e-01 2.166666666666666741e-01 4.776583384091656059e-01
2.266666666666666829e-01 4.638307326870739211e-01 2.266666666666666829e-01 4.651712810752482441e-01 2.266666666666666829e-01 4.629254768845209589e-01 2.266666666666666829e-01 4.615640796193815620e-01
2.099999999999999645e-01 4.890210608036071882e-01 2.099999999999999645e-01 4.871181172266201287e-01 2.266666666666666829e-01 4.925633068153853489e-01 2.233333333333333837e-01 4.948674905163554238e-01
1.999999999999999556e-01 4.584440897526376735e-01 1.999999999999999556e-01 4.599525006669549221e-01 1.999999999999999556e-01 4.645960764769371254e-01 1.966666666666666563e-01 4.634402465079932587e-01
2.500000000000000000e-01 4.949636101175945435e-01 2.500000000000000000e-01 4.930561589589264604e-01 2.533333333333332993e-01 4.996216236165887947e-01 2.566666666666667096e-01 5.030681700047057170e-01
2.633333333333333082e-01 5.476949330312467223e-01 2.633333333333333082e-01 5.402858748647475506e-01 2.600000000000000089e-01 5.440175216479200548e-01 2.500000000000000000e-01 5.512269475000295404e-01
