4.059405940594063011e-02 1.173084075627268408e-01 4.059405940594063011e-02 1.211927533796852557e-01 1.980198019801981957e-02 7.571133948279333559e-02 7.514851485148514865e-01 1.223241429704151173e+00
5.742574257425747675e-02 1.420903842179082610e-01 5.940594059405945870e-02 1.446769116504451336e-01 2.970297029702972935e-02 8.908083438003097654e-02 3.564356435643567522e-02 1.075793707338707217e-01
5.247524752475252185e-02 1.204406863613728257e-01 5.247524752475252185e-02 1.234382468255132564e-01 2.376237623762378348e-02 7.272049374271227773e-02 3.316831683168316447e-01 5.863332928264985977e-01
5.247524752475252185e-02 1.287868403920248705e-01 5.643564356435648577e-02 1.331712477877802225e-01 3.663366336633666620e-02 8.037266304181391041e-02 3.366336633663369327e-02 9.843123500089070999e-02
4.554455445544558501e-02 1.205122561147739246e-01 4.851485148514855794e-02 1.238031240145687217e-01 3.069306930693072033e-02 8.261238771235192291e-02 2.574257425742576544e-02 9.303200104837265616e-02
1.029702970297029507e-01 2.791626577475830873e-01 4.653465346534657598e-02 1.511561807004968006e-01 3.069306930693072033e-02 7.671347100360063898e-02 8.910891089108911034e-01 1.443923312528529346e+00
4.554455445544558501e-02 1.263918290212647233e-01 4.554455445544558501e-02 1.291951011568392704e-01 2.673267326732675642e-02 7.804505375054941740e-02 3.683168316831683109e-01 6.496958956153353615e-01
5.445544554455450381e-02 1.377841932754573784e-01 5.544554455445549479e-02 1.391303460817062410e-01 2.970297029702972935e-02 8.000473930218712781e-02 9.306930693069304095e-02 3.938987761682301025e-01
5.841584158415846773e-02 1.386627735707595954e-01 6.138613861386144066e-02 1.413406782516584692e-01 3.069306930693072033e-02 8.167104787928769483e-02 2.970297029702972935e-02 1.000649562277086124e-01
4.059405940594063011e-02 1.173084075627268408e-01 4.059405940594063011e-02 1.211825902363625057e-01 1.980198019801981957e-02 7.570754986161314093e-02 7.524752475247524774e-01 1.222001644818621502e+00
5.742574257425747675e-02 1.420903842179082610e-01 5.940594059405945870e-02 1.447193659014854028e-01 2.970297029702972935e-02 8.908315676020731044e-02 3.465346534653468424e-02 1.074866289281466297e-01
5.247524752475252185e-02 1.204406863613728257e-01 5.247524752475252185e-02 1.234601500760667686e-01 2.376237623762378348e-02 7.271735064209824961e-02 3.326732673267326357e-01 5.911868369406274581e-01
5.247524752475252185e-02 1.287868403920248705e-01 5.643564356435648577e-02 1.331685628778795094e-01 3.663366336633666620e-02 8.036349226875186269e-02 3.366336633663369327e-02 9.816402864420344099e-02
4.554455445544558501e-02 1.205122561147739246e-01 4.752475247524756696e-02 1.237429540938764505e-01 3.069306930693072033e-02 8.261799293440655334e-02 2.574257425742576544e-02 9.316604680980994369e-02
3.960396039603963914e-02 1.295648730652790848e-01 4.158415841584162109e-02 1.321669775481594533e-01 1.881188118811882859e-02 7.630508899221928598e-02 1.980198019801981957e-02 8.944963212344074488e-02
5.841584158415846773e-02 1.396691635015863131e-01 5.841584158415846773e-02 1.412073003696896478e-01 3.366336633663369327e-02 9.276167109308215697e-02 1.227722772277227703e-01 3.296441264262547910e-01
4.950495049504954892e-02 1.382877247148118771e-01 5.247524752475252185e-02 1.421657433305246743e-01 3.069306930693072033e-02 9.721805218360764222e-02 2.376237623762378348e-02 1.187051695195373846e-01
4.554455445544558501e-02 1.207419714052536536e-01 4.554455445544558501e-02 1.238550803164322756e-01 3.267326732673270229e-02 8.278567304506313784e-02 5.415841584158416211e-01 8.296034921361574721e-01
5.742574257425747675e-02 1.377958077776439416e-01 5.643564356435648577e-02 1.400579146107378270e-01 3.465346534653468424e-02 1.186592952521573069e-01 3.762376237623765718e-02 1.454210463352973159e-01
4.158415841584162109e-02 1.242053379103858768e-01 4.257425742574261207e-02 1.268350948479819718e-01 2.574257425742576544e-02 8.100907631249015806e-02 2.663366336633663511e-01 5.348477628882584156e-01
