1.139130434782609225e-01 2.628012839655998190e-01 1.134782608695652506e-01 2.602604900833950241e-01 1.080434782608695743e-01 2.753828462221905027e-01 1.123913043478260709e-01 2.812441365823763473e-01
9.826086956521740134e-02 2.343391911143668793e-01 9.739130434782605761e-02 2.383591295547710098e-01 1.067391304347825587e-01 2.412709603967755911e-01 1.097826086956521507e-01 2.544843093940394874e-01
1.043478260869564744e-01 2.451422982968617659e-01 1.041304347826087495e-01 2.452191794567662730e-01 1.069565217391303946e-01 2.712287994879574726e-01 1.156521739130434989e-01 2.866028564034378001e-01
1.058695652173913260e-01 2.295513956722610438e-01 1.052173913043478182e-01 2.314117533474666921e-01 1.102173913043478226e-01 2.469602027380563558e-01 1.126086956521739069e-01 2.568647427764652047e-01
9.760869565217389354e-02 2.288516536317934391e-01 9.630434782608698896e-02 2.327918814781997636e-01 1.058695652173913260e-01 2.325018515101925920e-01 1.086956521739130821e-01 2.491652380632577435e-01
9.760869565217389354e-02 2.326478797002960730e-01 9.739130434782605761e-02 2.344106800494819842e-01 9.739130434782605761e-02 2.318742021817016552e-01 1.004347826086956497e-01 2.575465439400650980e-01
9.630434782608698896e-02 2.256769373761674524e-01 9.630434782608698896e-02 2.287199580980012192e-01 1.030434782608695699e-01 2.358793948032649468e-01 1.045652173913043104e-01 2.512631293408451594e-01
1.360869565217390775e-01 2.852214506425658769e-01 1.049999999999999822e-01 2.429885473507036597e-01 9.999999999999997780e-02 2.493821901222243731e-01 9.934782608695646999e-02 2.587081066248341221e-01
9.934782608695646999e-02 2.280494042257186216e-01 9.934782608695646999e-02 2.312551944838930895e-01 1.121739130434782350e-01 2.559636299142372118e-01 1.149999999999999911e-01 2.713977297048004167e-01
9.586956521739131709e-02 2.287372287424788708e-01 9.565217391304348116e-02 2.313428358971819643e-01 1.063043478260869978e-01 2.469875581775665685e-01 1.073913043478260665e-01 2.717532845845789247e-01
9.304347826086956097e-02 2.205102750396873701e-01 9.282608695652172504e-02 2.233837347622064096e-01 1.034782608695652417e-01 2.429137455220773401e-01 1.089130434782609180e-01 2.552633420609530801e-01
9.999999999999997780e-02 2.290883988785670233e-01 9.978260869565214186e-02 2.300642326610717880e-01 1.004347826086956497e-01 2.483685440942499378e-01 1.023913043478260620e-01 2.597764051345224923e-01
9.673913043478266083e-02 2.200367799465206553e-01 9.630434782608698896e-02 2.234378489752644747e-01 1.041304347826087495e-01 2.399415108397395524e-01 1.063043478260869978e-01 2.571692535772860944e-01
9.891304347826090915e-02 2.339680187274653933e-01 9.913043478260874508e-02 2.350461889512394098e-01 9.913043478260874508e-02 2.370416135925055845e-01 9.652173913043482489e-02 2.458267043961807619e-01
1.052173913043478182e-01 2.311852054129225620e-01 1.052173913043478182e-01 2.338438416941265863e-01 1.110869565217391663e-01 2.459018066561503568e-01 1.128260869565217428e-01 2.569968145685478933e-01
1.095652173913043148e-01 2.447445329326440044e-01 1.099999999999999867e-01 2.463922330832450658e-01 1.089130434782609180e-01 2.461268933877047704e-01 1.128260869565217428e-01 2.634660345409278737e-01
9.826086956521740134e-02 2.338285746598532389e-01 9.804347826086956541e-02 2.365180036485894366e-01 1.006521739130434856e-01 2.378915102975666662e-01 1.063043478260869978e-01 2.539247596027834897e-01
1.015217391304348293e-01 2.326824607907132803e-01 1.017391304347825542e-01 2.346514537322513250e-01 1.113043478260870023e-01 2.519460318160497980e-01 1.160869565217391708e-01 2.712028691572426764e-01
1.008695652173913215e-01 2.330702761800205747e-01 1.017391304347825542e-01 2.363213216276662809e-01 1.171739130434782394e-01 2.701913207690878060e-01 1.197826086956521596e-01 2.882605110436846640e-01
1.239130434782608203e-01 2.846644911801532452e-01 1.076086956521739024e-01 2.511277477729488838e-01 1.008695652173913215e-01 2.456511744026415311e-01 1.102173913043478226e-01 2.659143593167501152e-01
