1.966666666666666563e-01 4.418231462762405859e-01 1.999999999999999556e-01 4.459577243476131048e-01 1.999999999999999556e-01 4.514731544167502331e-01 1.999999999999999556e-01 4.476020475974439861e-01
2.166666666666666741e-01 4.883353422289056223e-01 2.133333333333333748e-01 4.858617365714041902e-01 2.199999999999999734e-01 4.877823061507420288e-01 2.199999999999999734e-01 4.903305894741671889e-01
2.266666666666666829e-01 4.842086508982873516e-01 2.299999999999999822e-01 4.813963071011274630e-01 2.399999999999999911e-01 4.897903316550232256e-01 2.399999999999999911e-01 4.935996082545047736e-01
2.066666666666666652e-01 4.513600802118489241e-01 2.033333333333333659e-01 4.520070948127707378e-01 2.033333333333333659e-01 4.524563309388412446e-01 2.033333333333333659e-01 4.519594510149306799e-01
2.500000000000000000e-01 5.065515522457579856e-01 2.500000000000000000e-01 5.024327014726794882e-01 2.633333333333333082e-01 5.122523519133408421e-01 2.633333333333333082e-01 5.175383781868029276e-01
2.466666666666667007e-01 5.622314247205024706e-01 2.466666666666667007e-01 5.516789762712313028e-01 2.633333333333333082e-01 5.601151875839348593e-01 2.666666666666667185e-01 5.728474922439964478e-01
2.366666666666666918e-01 4.709134312356824670e-01 2.366666666666666918e-01 4.737863535266394477e-01 2.166666666666666741e-01 4.719047901544327073e-01 2.166666666666666741e-01 4.690149894520074803e-01
2.366666666666666918e-01 4.952889387538824684e-01 2.366666666666666918e-01 4.904281308341923995e-01 2.366666666666666918e-01 5.027263357502148589e-01 2.366666666666666918e-01 5.090710547292555122e-01
2.466666666666667007e-01 4.854935768282123698e-01 2.500000000000000000e-01 4.855042513766817391e-01 2.566666666666667096e-01 4.952782044878611400e-01 2.600000000000000089e-01 4.956580540611359442e-01
2.166666666666666741e-01 4.567084724847705890e-01 2.166666666666666741e-01 4.550222603403446531e-01 2.166666666666666741e-01 4.514076262209735790e-01 2.233333333333333837e-01 4.526535874902077872e-01
2.566666666666667096e-01 4.826521399853501704e-01 2.633333333333333082e-01 4.842446501665452208e-01 2.500000000000000000e-01 4.830464994662567735e-01 2.500000000000000000e-01 4.815537913486579447e-01
2.166666666666666741e-01 4.815457779827553852e-01 2.166666666666666741e-01 4.809165176392154462e-01 2.266666666666666829e-01 4.825000291994689383e-01 2.266666666666666829e-01 4.836832825980735828e-01
2.399999999999999911e-01 4.876687553148899568e-01 2.399999999999999911e-01 4.866552145257423967e-01 2.433333333333332904e-01 4.996382570301804438e-01 2.399999999999999911e-01 5.020191196251645449e-01
2.233333333333333837e-01 4.577741013829572103e-01 2.199999999999999734e-01 4.582290010982708606e-01 2.199999999999999734e-01 4.598373608954450242e-01 2.166666666666666741e-01 4.599903571559050830e-01
2.099999999999999645e-01 4.717338770662398706e-01 2.133333333333333748e-01 4.713264587111346549e-01 2.233333333333333837e-01 4.764263281529410032e-01 2.166666666666666741e-01 4.776583327471480289e-01
2.266666666666666829e-01 4.638307632435444972e-01 2.266666666666666829e-01 4.651708772677410342e-01 2.266666666666666829e-01 4.629251294069713363e-01 2.266666666666666829e-01 4.615629522857553346e-01
2.099999999999999645e-01 4.890332073177262595e-01 2.133333333333333748e-01 4.871241590002279298e-01 2.266666666666666829e-01 4.925613095303102984e-01 2.233333333333333837e-01 4.948681300431811425e-01
1.999999999999999556e-01 4.584468999265659539e-01 1.999999999999999556e-01 4.599492678925896638e-01 1.999999999999999556e-01 4.645945887367697313e-01 1.966666666666666563e-01 4.634415013252268789e-01
2.500000000000000000e-01 4.949616940265714748e-01 2.500000000000000000e-01 4.930549685943710347e-01 2.533333333333332993e-01 4.996402456786847024e-01 2.566666666666667096e-01 5.030863849335489579e-01
2.633333333333333082e-01 5.476931721945365039e-01 2.633333333333333082e-01 5.402859043792134219e-01 2.600000000000000089e-01 5.440195650284349593e-01 2.500000000000000000e-01 5.512239045101410273e-01
2.433333333333332904e-01 5.140251175713479448e-01 2.433333333333332904e-01 5.087310902369718280e-01 2.633333333333333082e-01 5.244167505107694138e-01 2.633333333333333082e-01 5.313504245066169585e-01
1.966666666666666563e-01 4.418231462762405859e-01 1.999999999999999556e-01 4.459569995593821723e-01 1.999999999999999556e-01 4.542485716307927968e-01 1.999999999999999556e-01 4.503719419620041964e-01
2.166666666666666741e-01 4.883353422289056223e-01 2.133333333333333748e-01 4.858617331021712338e-01 2.199999999999999734e-01 4.877832253164179344e-01 2.199999999999999734e-01 4.903315438435846274e-01
2.266666666666666829e-01 4.842086508982873516e-01 2.299999999999999822e-01 4.813961352193223409e-01 2.399999999999999911e-01 4.897885728479638989e-01 2.399999999999999911e-01 4.936010201486067950e-01
2.066666666666666652e-01 4.513600802118489241e-01 2.033333333333333659e-01 4.520062978140172438e-01 2.033333333333333659e-01 4.521012726470992060e-01 2.033333333333333659e-01 4.516233949582497686e-01
2.500000000000000000e-01 5.065515522457579856e-01 2.500000000000000000e-01 5.024341475180201799e-01 2.633333333333333082e-01 5.122522426898473702e-01 2.666666666666667185e-01 5.175386020721892688e-01
2.466666666666667007e-01 5.622314247205024706e-01 2.466666666666667007e-01 5.516774209570114440e-01 2.633333333333333082e-01 5.601135623279909215e-01 2.666666666666667185e-01 5.728401589495555335e-01
2.366666666666666918e-01 4.709134312356824670e-01 2.366666666666666918e-01 4.737864615349371977e-01 2.166666666666666741e-01 4.719064365195195232e-01 2.166666666666666741e-01 4.690155794656196142e-01
2.366666666666666918e-01 4.952889387538824684e-01 2.366666666666666918e-01 4.904284429827017178e-01 2.366666666666666918e-01 5.027255153347707228e-01 2.366666666666666918e-01 5.090710854847431133e-01
2.466666666666667007e-01 4.854935768282123698e-01 2.500000000000000000e-01 4.855047438392602888e-01 2.566666666666667096e-01 4.952776562345886369e-01 2.600000000000000089e-01 4.956570556555269791e-01
2.166666666666666741e-01 4.567084724847705890e-01 2.166666666666666741e-01 4.550214745117873161e-01 2.166666666666666741e-01 4.514080050447663028e-01 2.233333333333333837e-01 4.526557200111315793e-01
2.566666666666667096e-01 4.826521399853501704e-01 2.633333333333333082e-01 4.842447921288017820e-01 2.500000000000000000e-01 4.830473196830130655e-01 2.500000000000000000e-01 4.815523265270535425e-01
2.166666666666666741e-01 4.815457779827553852e-01 2.166666666666666741e-01 4.809181205798098158e-01 2.266666666666666829e-01 4.825024118360817238e-01 2.266666666666666829e-01 4.836845205720803342e-01
2.399999999999999911e-01 4.876687553148899568e-01 2.399999999999999911e-01 4.866564409950459025e-01 2.433333333333332904e-01 4.996385912303505372e-01 2.399999999999999911e-01 5.020129199181543322e-01
2.233333333333333837e-01 4.577741013829572103e-01 2.199999999999999734e-01 4.582291485759603100e-01 2.199999999999999734e-01 4.598375614947137757e-01 2.166666666666666741e-01 4.599906483369228249e-01
2.099999999999999645e-01 4.717338770662398706e-01 2.133333333333333748e-01 4.713263961295245941e-01 2.233333333333333837e-01 4.764225756013617530e-01 2.166666666666666741e-01 4.776575486158709527e-01
2.266666666666666829e-01 4.638307632435444972e-01 2.266666666666666829e-01 4.651702316774776746e-01 2.266666666666666829e-01 4.629261238710444260e-01 2.266666666666666829e-01 4.615634280987848115e-01
2.099999999999999645e-01 4.890332073177262595e-01 2.133333333333333748e-01 4.871243441123641604e-01 2.266666666666666829e-01 4.925633632691483466e-01 2.233333333333333837e-01 4.948679397720319728e-01
1.999999999999999556e-01 4.584468999265659539e-01 1.999999999999999556e-01 4.599505893793793820e-01 1.999999999999999556e-01 4.645944803705202575e-01 1.966666666666666563e-01 4.634362028436418979e-01
2.500000000000000000e-01 4.949616940265714748e-01 2.500000000000000000e-01 4.930537226482576418e-01 2.533333333333332993e-01 4.995990636278990205e-01 2.566666666666667096e-01 5.030348906945160126e-01
2.633333333333333082e-01 5.476931721945365039e-01 2.633333333333333082e-01 5.402819042850479647e-01 2.600000000000000089e-01 5.440119283089779323e-01 2.500000000000000000e-01 5.512177273257506949e-01
2.800000000000000266e-01 5.327838038796275377e-01 2.800000000000000266e-01 5.248521645733645880e-01 2.900000000000000355e-01 5.361589225114461454e-01 2.900000000000000355e-01 5.465447329238389829e-01
1.999999999999999556e-01 4.732515450213200525e-01 2.033333333333333659e-01 4.731626455709106449e-01 1.933333333333333570e-01 4.744282905164643460e-01 1.966666666666666563e-01 4.751258299593592027e-01
2.233333333333333837e-01 4.760078651494282775e-01 2.233333333333333837e-01 4.775235807591109438e-01 2.199999999999999734e-01 4.881110301073490199e-01 2.199999999999999734e-01 4.874345547046119442e-01
2.433333333333332904e-01 5.058842594635223344e-01 2.433333333333332904e-01 5.017664220767563688e-01 2.600000000000000089e-01 5.085843293476270954e-01 2.600000000000000089e-01 5.136161147240138058e-01
2.166666666666666741e-01 4.523462832424149926e-01 2.166666666666666741e-01 4.544399421377695036e-01 2.066666666666666652e-01 4.536791298269430284e-01 2.099999999999999645e-01 4.517287469648234577e-01
2.633333333333333082e-01 5.157562101401477195e-01 2.633333333333333082e-01 5.108585585406217877e-01 2.600000000000000089e-01 5.259417701609284679e-01 2.600000000000000089e-01 5.330067545563874631e-01
2.533333333333332993e-01 5.353923051770439479e-01 2.500000000000000000e-01 5.294786626570641141e-01 2.533333333333332993e-01 5.377808932320877755e-01 2.466666666666667007e-01 5.449042624380463495e-01
2.399999999999999911e-01 4.987337748851887187e-01 2.366666666666666918e-01 4.951523045458511296e-01 2.333333333333332815e-01 4.952464567196084300e-01 2.333333333333332815e-01 4.994166370890341655e-01
2.633333333333333082e-01 5.337299680553213577e-01 2.633333333333333082e-01 5.263376924500251519e-01 2.666666666666667185e-01 5.371418246332954061e-01 2.666666666666667185e-01 5.467022180739853354e-01
2.533333333333332993e-01 5.016405082025424678e-01 2.600000000000000089e-01 4.977766809459847064e-01 2.566666666666667096e-01 5.002208600709241448e-01 2.600000000000000089e-01 5.047247211604110051e-01
2.333333333333332815e-01 4.781579133044777108e-01 2.333333333333332815e-01 4.782386598033774860e-01 2.433333333333332904e-01 4.869001971917823468e-01 2.433333333333332904e-01 4.874330530341940970e-01
2.399999999999999911e-01 4.935705613958843441e-01 2.399999999999999911e-01 4.917121480475964979e-01 2.399999999999999911e-01 4.999460635914048656e-01 2.399999999999999911e-01 5.028843961565634402e-01
2.299999999999999822e-01 4.864757729126639174e-01 2.333333333333332815e-01 4.843335411322594042e-01 2.366666666666666918e-01 4.974656560513999737e-01 2.366666666666666918e-01 5.016088255904267434e-01
2.700000000000000178e-01 5.497685332649714374e-01 2.666666666666667185e-01 5.411119988302993677e-01 2.633333333333333082e-01 5.410742317564746218e-01 2.633333333333333082e-01 5.510615214695391284e-01
2.433333333333332904e-01 4.774953909394811236e-01 2.399999999999999911e-01 4.767774829873219211e-01 2.466666666666667007e-01 4.789509106076961231e-01 2.466666666666667007e-01 4.805513995592157750e-01
2.533333333333332993e-01 5.065505685490084842e-01 2.500000000000000000e-01 5.050520156092055402e-01 2.399999999999999911e-01 5.147236223392980259e-01 2.399999999999999911e-01 5.170816522871584109e-01
2.266666666666666829e-01 4.743728658022068334e-01 2.266666666666666829e-01 4.743720559832544925e-01 2.299999999999999822e-01 4.785111498092193272e-01 2.333333333333332815e-01 4.795173443479995856e-01
2.399999999999999911e-01 4.995669526709003438e-01 2.399999999999999911e-01 4.965784788822064089e-01 2.500000000000000000e-01 5.078277828256338999e-01 2.566666666666667096e-01 5.116992294849589396e-01
2.333333333333332815e-01 4.916384720507856465e-01 2.333333333333332815e-01 4.899143563302680859e-01 2.466666666666667007e-01 4.986800859541313247e-01 2.466666666666667007e-01 5.008845981954788140e-01
2.366666666666666918e-01 4.975368100987258568e-01 2.266666666666666829e-01 4.964071132011484977e-01 2.399999999999999911e-01 5.112067486146334439e-01 2.399999999999999911e-01 5.132334507862100770e-01
2.733333333333333171e-01 5.360832501450323306e-01 2.733333333333333171e-01 5.311545165250896039e-01 2.533333333333332993e-01 5.263598758205790817e-01 2.533333333333332993e-01 5.309635975275458497e-01
2.166666666666666741e-01 4.829216802619251125e-01 2.199999999999999734e-01 4.809704995822050022e-01 2.166666666666666741e-01 4.865999502729764226e-01 2.133333333333333748e-01 4.897443796443629593e-01
2.433333333333332904e-01 4.647467898767709271e-01 2.500000000000000000e-01 4.679931297680892111e-01 2.433333333333332904e-01 4.640916940260517709e-01 2.433333333333332904e-01 4.608175046705389466e-01
1.899999999999999467e-01 4.618619168850329748e-01 1.899999999999999467e-01 4.657312802191709289e-01 1.999999999999999556e-01 4.755484091663031432e-01 1.999999999999999556e-01 4.725226487550236443e-01
2.299999999999999822e-01 4.796545331527785061e-01 2.299999999999999822e-01 4.787707965925733222e-01 2.266666666666666829e-01 4.793904108499510430e-01 2.233333333333333837e-01 4.807291219678143102e-01
2.166666666666666741e-01 4.760089183194269324e-01 2.199999999999999734e-01 4.773501551877595284e-01 2.233333333333333837e-01 4.786405391386492902e-01 2.199999999999999734e-01 4.777435529761837052e-01
1.966666666666666563e-01 4.434286252827973063e-01 1.966666666666666563e-01 4.490893874725266910e-01 1.999999999999999556e-01 4.482081426514106237e-01 1.999999999999999556e-01 4.428391707153156442e-01
2.333333333333332815e-01 4.781758564313768334e-01 2.333333333333332815e-01 4.759923396883710689e-01 2.266666666666666829e-01 4.747776704019048832e-01 2.266666666666666829e-01 4.766235214963173150e-01
2.266666666666666829e-01 4.490480993926364017e-01 2.299999999999999822e-01 4.528877509410019209e-01 2.233333333333333837e-01 4.505525742626707575e-01 2.233333333333333837e-01 4.465022571807526486e-01
2.166666666666666741e-01 4.527764117994959037e-01 2.166666666666666741e-01 4.574354149225017818e-01 2.166666666666666741e-01 4.584248576786896234e-01 2.133333333333333748e-01 4.540718357260158378e-01
nan nan nan nan nan nan nan nan
2.333333333333332815e-01 4.597301659175254684e-01 2.333333333333332815e-01 4.623520216473769318e-01 2.133333333333333748e-01 4.612945704460036378e-01 2.133333333333333748e-01 4.590045236868944833e-01
2.099999999999999645e-01 4.491014925491723653e-01 2.099999999999999645e-01 4.526293262699611630e-01 1.966666666666666563e-01 4.477043352913787633e-01 1.966666666666666563e-01 4.436697957511437362e-01
2.466666666666667007e-01 5.072977658253833289e-01 2.466666666666667007e-01 5.022097297006264949e-01 2.633333333333333082e-01 5.120657724174385583e-01 2.633333333333333082e-01 5.179808521690888456e-01
2.099999999999999645e-01 4.607675605728890900e-01 2.066666666666666652e-01 4.626946006658551047e-01 2.166666666666666741e-01 4.609129531741422148e-01 2.166666666666666741e-01 4.577357152647205107e-01
2.066666666666666652e-01 4.699429195021878058e-01 2.066666666666666652e-01 4.698130693693068904e-01 2.133333333333333748e-01 4.723919574972752500e-01 2.133333333333333748e-01 4.730402104011884878e-01
2.333333333333332815e-01 4.834026690106898450e-01 2.299999999999999822e-01 4.841317599992788767e-01 2.633333333333333082e-01 4.961218850525344060e-01 2.633333333333333082e-01 4.966090956529046752e-01
2.466666666666667007e-01 4.644214141520414119e-01 2.466666666666667007e-01 4.656566574606604281e-01 2.399999999999999911e-01 4.623107426374188367e-01 2.399999999999999911e-01 4.608137748398773992e-01
2.266666666666666829e-01 5.232668154608262068e-01 2.266666666666666829e-01 5.177398893747041653e-01 2.333333333333332815e-01 5.260788830139776495e-01 2.299999999999999822e-01 5.324669546804731146e-01
2.299999999999999822e-01 4.974050170909830038e-01 2.299999999999999822e-01 4.939360451599176804e-01 2.366666666666666918e-01 4.923292374975904995e-01 2.399999999999999911e-01 4.955849361180878487e-01
2.633333333333333082e-01 4.948693379826030747e-01 2.633333333333333082e-01 4.935216150645251876e-01 2.533333333333332993e-01 5.049005468532876684e-01 2.500000000000000000e-01 5.076659861937412588e-01
2.500000000000000000e-01 5.140944659175807896e-01 2.500000000000000000e-01 5.102388861718407664e-01 2.399999999999999911e-01 5.102807944616917224e-01 2.399999999999999911e-01 5.141965804476485991e-01
2.633333333333333082e-01 5.840064340919161046e-01 2.633333333333333082e-01 5.670810874954860248e-01 nan nan nan nan
2.633333333333333082e-01 5.254888018800992766e-01 2.633333333333333082e-01 5.235640879271448167e-01 2.666666666666667185e-01 5.235636450354399507e-01 2.666666666666667185e-01 5.251761953161832031e-01
2.533333333333332993e-01 5.146087067176355889e-01 2.500000000000000000e-01 5.093284735735817970e-01 2.533333333333332993e-01 5.065856641726602660e-01 2.533333333333332993e-01 5.112811150770454338e-01
2.299999999999999822e-01 4.991004813377298843e-01 2.299999999999999822e-01 4.960280554475296477e-01 2.299999999999999822e-01 4.911817865177291464e-01 2.299999999999999822e-01 4.940271083037001132e-01
2.099999999999999645e-01 4.392803070618664929e-01 2.099999999999999645e-01 4.442367705417179513e-01 2.033333333333333659e-01 4.425194094353095964e-01 2.066666666666666652e-01 4.377141355278137969e-01
1.833333333333333481e-01 4.311884396268693131e-01 1.800000000000000488e-01 4.355097852661490854e-01 1.800000000000000488e-01 4.383592894975020249e-01 1.800000000000000488e-01 4.351411400457885770e-01
2.600000000000000089e-01 5.244370009204455396e-01 2.600000000000000089e-01 5.191607828851738660e-01 2.833333333333333259e-01 5.183085068472794710e-01 2.866666666666666252e-01 5.246754697276337920e-01
2.566666666666667096e-01 5.096227896452287798e-01 2.633333333333333082e-01 5.070302725468028848e-01 2.666666666666667185e-01 5.121131945870683877e-01 2.666666666666667185e-01 5.159680331165125144e-01
1.933333333333333570e-01 4.291867801805594462e-01 1.933333333333333570e-01 4.349936952837374360e-01 1.866666666666666474e-01 4.387348027519095695e-01 1.866666666666666474e-01 4.342246335675610247e-01
2.466666666666667007e-01 5.143372294855298454e-01 2.466666666666667007e-01 5.093742268764959169e-01 2.500000000000000000e-01 5.175498445914418211e-01 2.500000000000000000e-01 5.230143914989002774e-01
2.666666666666667185e-01 5.370856246868965789e-01 2.666666666666667185e-01 5.294583676342686784e-01 2.700000000000000178e-01 5.361328629351442832e-01 2.700000000000000178e-01 5.448547121680925587e-01
2.233333333333333837e-01 4.991846677652525544e-01 2.233333333333333837e-01 4.988247711821278130e-01 2.299999999999999822e-01 5.086681847042492377e-01 2.299999999999999822e-01 5.098771528510384066e-01
2.466666666666667007e-01 4.964733398285905985e-01 2.500000000000000000e-01 4.943796224937701544e-01 2.566666666666667096e-01 5.037064550532699414e-01 2.566666666666667096e-01 5.080120557592380237e-01
2.633333333333333082e-01 5.043424164093227580e-01 2.633333333333333082e-01 5.022211127402170794e-01 2.600000000000000089e-01 5.117723602700207097e-01 2.600000000000000089e-01 5.147498457914283509e-01
2.700000000000000178e-01 5.210738750635656169e-01 2.666666666666667185e-01 5.167328039358326519e-01 2.700000000000000178e-01 5.262630906830412236e-01 2.700000000000000178e-01 5.322191467363701634e-01
2.233333333333333837e-01 4.598210505533938952e-01 2.199999999999999734e-01 4.630983129120704866e-01 2.233333333333333837e-01 4.618632658159622650e-01 2.233333333333333837e-01 4.584837657588854976e-01
2.266666666666666829e-01 4.925290811815334902e-01 2.266666666666666829e-01 4.898668752664790960e-01 2.433333333333332904e-01 4.988789531162196589e-01 2.433333333333332904e-01 5.026447859167975096e-01
