1.999999999999999556e-01 4.947625930270268535e-01 1.999999999999999556e-01 4.804687917047745227e-01 1.999999999999999556e-01 5.053207390349663264e-01 1.999999999999999556e-01 5.206721455614915506e-01
2.199999999999999734e-01 4.802500790923385221e-01 2.199999999999999734e-01 4.682008521162453474e-01 2.199999999999999734e-01 4.851056929468505752e-01 2.199999999999999734e-01 4.955439581631693180e-01
2.099999999999999645e-01 5.130118186424640347e-01 2.099999999999999645e-01 5.008342235199102488e-01 2.099999999999999645e-01 5.231831761906495792e-01 2.299999999999999822e-01 5.337787772787371265e-01
1.099999999999999867e-01 3.042131913831774281e-01 1.099999999999999867e-01 3.107568150011598140e-01 1.199999999999999956e-01 3.104193168442574424e-01 1.199999999999999956e-01 3.045854768508509114e-01
1.800000000000000488e-01 3.718180598747320431e-01 1.800000000000000488e-01 3.717921556757871615e-01 1.999999999999999556e-01 3.752312899686991998e-01 1.999999999999999556e-01 3.755123848008751763e-01
1.500000000000000222e-01 3.791261549642215289e-01 1.500000000000000222e-01 3.795005063772963205e-01 1.700000000000000400e-01 4.007567010824485965e-01 1.700000000000000400e-01 4.035395162317568230e-01
1.800000000000000488e-01 4.038082903645362487e-01 1.800000000000000488e-01 4.029221186369185137e-01 1.899999999999999467e-01 4.107509509496282130e-01 1.899999999999999467e-01 4.121088011597517919e-01
1.700000000000000400e-01 3.782111992782819510e-01 1.700000000000000400e-01 3.778756208053207777e-01 1.700000000000000400e-01 3.796994490855241100e-01 1.700000000000000400e-01 3.811785468559680812e-01
1.500000000000000222e-01 4.375711527679132518e-01 1.400000000000000133e-01 4.322972950279559967e-01 1.899999999999999467e-01 5.065161950501532173e-01 1.999999999999999556e-01 5.154968488261992832e-01
1.800000000000000488e-01 4.606306991459577227e-01 1.800000000000000488e-01 4.511356212267922938e-01 1.999999999999999556e-01 4.757567932070742023e-01 1.999999999999999556e-01 4.804995827619988891e-01
1.500000000000000222e-01 3.626717526834901673e-01 1.500000000000000222e-01 3.639082233166847646e-01 1.500000000000000222e-01 3.648153348796903117e-01 1.500000000000000222e-01 3.643454355269111211e-01
1.700000000000000400e-01 3.998740162241238294e-01 1.700000000000000400e-01 4.047779726285607449e-01 1.999999999999999556e-01 4.142951452711460814e-01 1.999999999999999556e-01 4.115722821527767472e-01
1.400000000000000133e-01 4.020921667331834315e-01 1.400000000000000133e-01 3.989163417571669479e-01 1.700000000000000400e-01 4.042805353115801470e-01 1.700000000000000400e-01 4.086949350375814194e-01
1.600000000000000311e-01 3.311786543552260320e-01 1.600000000000000311e-01 3.355221790692901052e-01 1.700000000000000400e-01 3.362694672130395745e-01 1.700000000000000400e-01 3.330770842701907264e-01
1.700000000000000400e-01 3.814303602244277780e-01 1.600000000000000311e-01 3.829184603115311503e-01 1.500000000000000222e-01 3.855861343338224390e-01 1.600000000000000311e-01 3.852995125641685004e-01
1.800000000000000488e-01 3.925882237813824727e-01 1.800000000000000488e-01 3.939358165108743925e-01 1.899999999999999467e-01 4.093064296186528228e-01 1.899999999999999467e-01 4.091028052793070358e-01
1.700000000000000400e-01 3.985793844380986495e-01 1.700000000000000400e-01 3.948883288024047089e-01 1.899999999999999467e-01 4.355673206434078071e-01 1.899999999999999467e-01 4.422847948477063862e-01
1.400000000000000133e-01 4.237985043078674741e-01 1.400000000000000133e-01 4.180496284382532179e-01 2.299999999999999822e-01 5.271132822750884683e-01 2.299999999999999822e-01 5.414695277888850189e-01
1.600000000000000311e-01 3.868834955115662000e-01 1.600000000000000311e-01 3.861681500119598653e-01 1.899999999999999467e-01 4.078078703392610804e-01 1.899999999999999467e-01 4.101769287344448345e-01
1.400000000000000133e-01 3.492696825348345357e-01 1.400000000000000133e-01 3.556809827656282064e-01 1.400000000000000133e-01 3.525292915387126524e-01 1.400000000000000133e-01 3.469182350516674673e-01
1.400000000000000133e-01 3.250809173115431494e-01 1.400000000000000133e-01 3.332403717082290662e-01 1.500000000000000222e-01 3.352454838215889743e-01 1.500000000000000222e-01 3.277372078575474523e-01
1.800000000000000488e-01 3.897741643856533766e-01 1.800000000000000488e-01 3.920832040441403765e-01 1.899999999999999467e-01 4.196274263447533071e-01 1.899999999999999467e-01 4.226786901776554695e-01
2.199999999999999734e-01 4.919324942849797599e-01 2.199999999999999734e-01 4.772470663334034691e-01 2.199999999999999734e-01 5.049240081058845586e-01 2.199999999999999734e-01 5.179549060454317067e-01
1.400000000000000133e-01 4.003160471827058586e-01 1.400000000000000133e-01 3.987803313592457322e-01 1.400000000000000133e-01 4.019000773003907900e-01 1.400000000000000133e-01 4.056420247625832087e-01
1.099999999999999867e-01 3.393825504484532241e-01 1.099999999999999867e-01 3.420843266252293624e-01 1.199999999999999956e-01 3.495581336073212420e-01 1.199999999999999956e-01 3.477711465734992791e-01
1.300000000000000044e-01 3.236653784634693776e-01 1.300000000000000044e-01 3.326036721837293264e-01 1.400000000000000133e-01 3.327862118596822127e-01 1.400000000000000133e-01 3.252440596708517373e-01
1.600000000000000311e-01 3.916844938262687426e-01 1.600000000000000311e-01 3.889526646307606139e-01 1.700000000000000400e-01 3.914664931585439822e-01 1.700000000000000400e-01 3.950119889819149188e-01
2.099999999999999645e-01 4.209535809505065562e-01 2.099999999999999645e-01 4.123075693569882016e-01 1.999999999999999556e-01 4.267270610730368730e-01 1.999999999999999556e-01 4.321455460254384762e-01
1.899999999999999467e-01 4.375018967260282388e-01 1.899999999999999467e-01 4.342312170660588277e-01 2.099999999999999645e-01 4.712552068798213645e-01 2.099999999999999645e-01 4.750483307240515041e-01
1.800000000000000488e-01 4.324487717569674428e-01 1.800000000000000488e-01 4.270260424929767096e-01 1.899999999999999467e-01 4.378469916812613993e-01 1.800000000000000488e-01 4.436402899875681038e-01
1.700000000000000400e-01 4.278082165368463086e-01 1.700000000000000400e-01 4.256230679242818393e-01 1.999999999999999556e-01 4.503790255941125809e-01 1.999999999999999556e-01 4.532886474080488060e-01
1.600000000000000311e-01 4.239298754477804909e-01 1.700000000000000400e-01 4.199750040194332734e-01 2.099999999999999645e-01 4.512275706522838603e-01 2.099999999999999645e-01 4.542615059512800091e-01
2.199999999999999734e-01 5.274388557709775993e-01 2.199999999999999734e-01 5.130353231047088958e-01 2.299999999999999822e-01 5.495926674884052954e-01 2.299999999999999822e-01 5.653304676619412827e-01
1.700000000000000400e-01 3.632694496443442667e-01 1.700000000000000400e-01 3.684508071499240645e-01 1.899999999999999467e-01 3.776002774825248376e-01 1.899999999999999467e-01 3.734390461521009952e-01
1.899999999999999467e-01 4.858991242432020852e-01 1.899999999999999467e-01 4.749415892934508165e-01 2.099999999999999645e-01 5.081485343176889158e-01 2.099999999999999645e-01 5.123216229456860615e-01
1.600000000000000311e-01 3.962569361995200157e-01 1.600000000000000311e-01 3.910713356287274789e-01 1.500000000000000222e-01 3.976102085325258217e-01 1.500000000000000222e-01 4.023934848983705126e-01
1.199999999999999956e-01 3.396159981586049370e-01 1.199999999999999956e-01 3.457870839074267399e-01 1.300000000000000044e-01 3.480207726511235222e-01 1.300000000000000044e-01 3.426818840308212821e-01
1.400000000000000133e-01 3.494433622088369829e-01 1.400000000000000133e-01 3.527517885457149838e-01 1.300000000000000044e-01 3.534230926887965141e-01 1.300000000000000044e-01 3.503194244277851310e-01
1.999999999999999556e-01 4.726589040196550462e-01 1.999999999999999556e-01 4.629179602214686939e-01 2.199999999999999734e-01 5.012519914537884036e-01 2.199999999999999734e-01 5.085910531624088238e-01
1.300000000000000044e-01 3.563303048785692595e-01 1.300000000000000044e-01 3.594529931426598823e-01 1.400000000000000133e-01 3.672583944185819904e-01 1.400000000000000133e-01 3.646096721596833179e-01
1.400000000000000133e-01 3.595075044466070069e-01 1.400000000000000133e-01 3.629593596572122660e-01 1.899999999999999467e-01 3.811957049888649030e-01 1.800000000000000488e-01 3.799631864734295261e-01
1.700000000000000400e-01 4.225543677409590027e-01 1.700000000000000400e-01 4.177277850763171929e-01 1.800000000000000488e-01 4.409824178489624713e-01 1.800000000000000488e-01 4.471121799346778891e-01
1.199999999999999956e-01 3.077061432436959398e-01 1.199999999999999956e-01 3.176765560508091335e-01 9.999999999999997780e-02 3.151899630448261602e-01 9.999999999999997780e-02 3.063036597945074657e-01
1.199999999999999956e-01 3.315002976773843146e-01 1.199999999999999956e-01 3.367147393115526022e-01 1.300000000000000044e-01 3.343891937956049998e-01 1.199999999999999956e-01 3.304010505860012770e-01
1.899999999999999467e-01 4.781557306477960401e-01 1.899999999999999467e-01 4.674138222946793708e-01 1.899999999999999467e-01 4.922735825456359127e-01 1.899999999999999467e-01 5.021425309450553431e-01
1.400000000000000133e-01 3.358428168622756838e-01 1.400000000000000133e-01 3.413117565389626185e-01 1.400000000000000133e-01 3.383519287455372115e-01 1.400000000000000133e-01 3.342125642574817479e-01
1.600000000000000311e-01 4.241369534778101080e-01 1.600000000000000311e-01 4.151171757439331422e-01 1.600000000000000311e-01 4.209731585605449578e-01 1.600000000000000311e-01 4.294719556714084452e-01
1.700000000000000400e-01 3.881209096872318964e-01 1.700000000000000400e-01 3.871510017425293659e-01 1.500000000000000222e-01 4.224128581304096852e-01 1.500000000000000222e-01 4.274386294967560951e-01
1.800000000000000488e-01 4.307835148028884009e-01 1.800000000000000488e-01 4.280485808517522361e-01 2.199999999999999734e-01 4.662457754024998957e-01 2.199999999999999734e-01 4.722787529011796548e-01
1.600000000000000311e-01 3.763840550079398661e-01 1.600000000000000311e-01 3.789097323173228893e-01 1.700000000000000400e-01 3.817945542593149111e-01 1.700000000000000400e-01 3.806483750721765258e-01
1.700000000000000400e-01 4.292689865635439528e-01 1.700000000000000400e-01 4.227775309215883737e-01 1.800000000000000488e-01 4.603712353425993276e-01 1.800000000000000488e-01 4.699554217852016658e-01
1.500000000000000222e-01 3.540647674015863222e-01 1.500000000000000222e-01 3.599855049107257288e-01 1.700000000000000400e-01 3.611689857142711957e-01 1.700000000000000400e-01 3.563852095434999478e-01
1.999999999999999556e-01 4.864598521608213821e-01 1.800000000000000488e-01 4.766015295053023237e-01 1.800000000000000488e-01 4.861095731760112781e-01 1.800000000000000488e-01 4.954517009877477118e-01
9.999999999999997780e-02 3.319824284258385827e-01 1.099999999999999867e-01 3.358679422587770858e-01 1.199999999999999956e-01 3.760221272752879429e-01 1.199999999999999956e-01 3.773411020805504945e-01
1.800000000000000488e-01 4.700160758743595069e-01 1.800000000000000488e-01 4.645541709431818544e-01 1.899999999999999467e-01 4.805269692157759787e-01 1.899999999999999467e-01 4.862456218459996760e-01
1.300000000000000044e-01 3.450546981358590948e-01 1.300000000000000044e-01 3.513909331164167815e-01 1.500000000000000222e-01 3.539250535705793510e-01 1.500000000000000222e-01 3.491841662881088881e-01
1.800000000000000488e-01 4.145702992719249580e-01 1.800000000000000488e-01 4.099761735718796540e-01 1.800000000000000488e-01 4.084169042242691283e-01 1.800000000000000488e-01 4.133227773307692754e-01
1.400000000000000133e-01 3.207976613746935102e-01 1.400000000000000133e-01 3.262051269175407775e-01 1.400000000000000133e-01 3.304029372387826680e-01 1.400000000000000133e-01 3.241123712918813626e-01
1.400000000000000133e-01 3.592849354259390338e-01 1.400000000000000133e-01 3.637980185750556705e-01 1.600000000000000311e-01 3.876787258638327849e-01 1.600000000000000311e-01 3.873227510817167651e-01
1.899999999999999467e-01 5.156505893039707855e-01 1.899999999999999467e-01 5.004210820758884237e-01 1.700000000000000400e-01 5.174952415224998159e-01 1.700000000000000400e-01 5.287356371838357605e-01
1.300000000000000044e-01 3.624243503113060427e-01 1.300000000000000044e-01 3.678855850735105459e-01 1.500000000000000222e-01 3.694467458488130407e-01 1.500000000000000222e-01 3.651071852443331656e-01
1.999999999999999556e-01 4.947625930270268535e-01 1.999999999999999556e-01 4.805162187186526324e-01 1.999999999999999556e-01 5.052804791630869374e-01 1.999999999999999556e-01 5.206262929297276187e-01
2.199999999999999734e-01 4.802500790923385221e-01 2.199999999999999734e-01 4.681808752115415584e-01 2.199999999999999734e-01 4.851112441478897530e-01 2.199999999999999734e-01 4.955407976621791222e-01
2.099999999999999645e-01 5.130118186424640347e-01 2.099999999999999645e-01 5.007839989809147463e-01 2.199999999999999734e-01 5.233212709436643184e-01 2.299999999999999822e-01 5.338666857668831200e-01
1.099999999999999867e-01 3.042131913831774281e-01 1.099999999999999867e-01 3.107593011770387603e-01 1.199999999999999956e-01 3.104162483962011887e-01 1.199999999999999956e-01 3.045900871201189242e-01
1.800000000000000488e-01 3.718180598747320431e-01 1.800000000000000488e-01 3.717897235583154658e-01 1.999999999999999556e-01 3.752303650062873697e-01 1.999999999999999556e-01 3.755154595768007142e-01
1.500000000000000222e-01 3.791261549642215289e-01 1.500000000000000222e-01 3.794961202431976210e-01 1.700000000000000400e-01 4.007486602762873051e-01 1.700000000000000400e-01 4.035299772189700485e-01
1.800000000000000488e-01 4.038082903645362487e-01 1.800000000000000488e-01 4.029178550714007656e-01 1.899999999999999467e-01 4.107470060030748993e-01 1.899999999999999467e-01 4.121059155448597022e-01
1.700000000000000400e-01 3.782111992782819510e-01 1.700000000000000400e-01 3.778743881054489329e-01 1.700000000000000400e-01 3.797186530150971073e-01 1.700000000000000400e-01 3.811940671094404820e-01
1.500000000000000222e-01 4.375711527679132518e-01 1.400000000000000133e-01 4.323003747152629472e-01 1.899999999999999467e-01 5.062652184619086393e-01 1.999999999999999556e-01 5.152099097369809977e-01
1.800000000000000488e-01 4.606306991459577227e-01 1.800000000000000488e-01 4.511449187156664764e-01 1.999999999999999556e-01 4.757697450806900874e-01 1.999999999999999556e-01 4.804959104787858148e-01
1.500000000000000222e-01 3.626717526834901673e-01 1.500000000000000222e-01 3.639059160926816916e-01 1.500000000000000222e-01 3.648120696428879262e-01 1.500000000000000222e-01 3.643387121325903921e-01
1.700000000000000400e-01 3.998740162241238294e-01 1.700000000000000400e-01 4.047903784455557652e-01 1.999999999999999556e-01 4.143000573354295724e-01 1.999999999999999556e-01 4.115748336425767984e-01
1.400000000000000133e-01 4.020921667331834315e-01 1.400000000000000133e-01 3.989165504770600390e-01 1.700000000000000400e-01 4.042850809427714354e-01 1.700000000000000400e-01 4.086970291990666970e-01
1.600000000000000311e-01 3.311786543552260320e-01 1.600000000000000311e-01 3.355181247659368426e-01 1.700000000000000400e-01 3.362284049469739799e-01 1.700000000000000400e-01 3.330436689507862980e-01
1.700000000000000400e-01 3.814303602244277780e-01 1.600000000000000311e-01 3.829240059438145938e-01 1.500000000000000222e-01 3.856614475396746289e-01 1.600000000000000311e-01 3.853832033761213638e-01
1.800000000000000488e-01 3.925882237813824727e-01 1.800000000000000488e-01 3.939263097537137326e-01 1.899999999999999467e-01 4.093772722674733910e-01 1.899999999999999467e-01 4.091654548772383215e-01
1.700000000000000400e-01 3.985793844380986495e-01 1.700000000000000400e-01 3.948863676148400281e-01 1.899999999999999467e-01 4.355477611441695429e-01 1.899999999999999467e-01 4.422716538940222319e-01
1.400000000000000133e-01 4.237985043078674741e-01 1.400000000000000133e-01 4.180525431105951428e-01 2.299999999999999822e-01 5.271558173164787586e-01 2.299999999999999822e-01 5.422815537256515661e-01
1.600000000000000311e-01 3.868834955115662000e-01 1.600000000000000311e-01 3.861664703486633043e-01 1.899999999999999467e-01 4.078186564500047018e-01 1.899999999999999467e-01 4.101889669235972979e-01
1.400000000000000133e-01 3.492696825348345357e-01 1.400000000000000133e-01 3.556866176871159024e-01 1.400000000000000133e-01 3.525301571500713549e-01 1.400000000000000133e-01 3.469172643704866998e-01
1.500000000000000222e-01 3.633083128976772880e-01 1.500000000000000222e-01 3.667714340201921885e-01 1.500000000000000222e-01 3.676892423971386825e-01 1.500000000000000222e-01 3.650749274200448813e-01
1.500000000000000222e-01 4.071511859410319456e-01 1.600000000000000311e-01 4.016819410855078099e-01 1.400000000000000133e-01 4.258482204159457774e-01 1.400000000000000133e-01 4.316469202793229432e-01
1.300000000000000044e-01 3.097875837499372009e-01 1.300000000000000044e-01 3.183672722234510144e-01 1.300000000000000044e-01 3.166462841452260535e-01 1.300000000000000044e-01 3.088183108525315856e-01
1.500000000000000222e-01 3.600354113723694405e-01 1.500000000000000222e-01 3.620124577130649501e-01 1.600000000000000311e-01 3.822652604732275083e-01 1.600000000000000311e-01 3.833640703498237823e-01
1.300000000000000044e-01 3.152157630583324877e-01 1.300000000000000044e-01 3.238064597959280366e-01 1.600000000000000311e-01 3.407340112875978377e-01 1.500000000000000222e-01 3.360442292304128831e-01
1.999999999999999556e-01 4.387975472029392310e-01 1.999999999999999556e-01 4.344954725909312976e-01 1.800000000000000488e-01 4.448065418886174016e-01 1.800000000000000488e-01 4.506634868494816537e-01
1.700000000000000400e-01 3.988701831371043727e-01 1.700000000000000400e-01 3.952552928863526382e-01 1.700000000000000400e-01 3.982973927427919669e-01 1.700000000000000400e-01 4.016936989821348059e-01
1.400000000000000133e-01 3.447372621816179317e-01 1.400000000000000133e-01 3.486244211220613787e-01 1.500000000000000222e-01 3.481402540801529777e-01 1.500000000000000222e-01 3.449336274156792337e-01
1.899999999999999467e-01 4.849420320113617122e-01 1.899999999999999467e-01 4.704727949909818241e-01 2.199999999999999734e-01 5.826385371805923308e-01 1.999999999999999556e-01 5.987184744421825133e-01
1.700000000000000400e-01 4.078581391689872770e-01 1.800000000000000488e-01 4.089219684416358636e-01 1.600000000000000311e-01 4.208536486951197086e-01 1.600000000000000311e-01 4.214258577141599682e-01
1.400000000000000133e-01 3.273772867722532509e-01 1.400000000000000133e-01 3.340949368510491291e-01 1.500000000000000222e-01 3.353646441922463750e-01 1.500000000000000222e-01 3.295230117238548417e-01
1.600000000000000311e-01 4.696862280868128181e-01 1.600000000000000311e-01 4.569306790303383492e-01 1.899999999999999467e-01 4.979766099556197645e-01 1.899999999999999467e-01 5.097234127170578999e-01
9.999999999999997780e-02 3.086750238169919114e-01 9.999999999999997780e-02 3.182377458738176457e-01 1.199999999999999956e-01 3.335265482523679936e-01 1.199999999999999956e-01 3.275459807077962249e-01
1.999999999999999556e-01 5.204094240992760412e-01 1.999999999999999556e-01 5.064720941005167454e-01 2.299999999999999822e-01 6.872492357036774635e-01 2.199999999999999734e-01 6.933822061755771093e-01
1.500000000000000222e-01 3.496307050879737255e-01 1.500000000000000222e-01 3.510576311979098363e-01 1.500000000000000222e-01 3.498217372687335014e-01 1.500000000000000222e-01 3.489121263908193660e-01
1.700000000000000400e-01 3.969607787383794273e-01 1.700000000000000400e-01 3.971694803499222215e-01 1.600000000000000311e-01 3.932130132999481220e-01 1.600000000000000311e-01 3.939796739225240318e-01
1.099999999999999867e-01 3.306233139255241316e-01 1.199999999999999956e-01 3.345976778746968527e-01 1.600000000000000311e-01 3.395078975538677879e-01 1.400000000000000133e-01 3.368490331032634733e-01
1.700000000000000400e-01 4.082680713547379714e-01 1.700000000000000400e-01 4.038798480088077736e-01 1.700000000000000400e-01 4.110337854957943904e-01 1.700000000000000400e-01 4.156735439559536838e-01
1.800000000000000488e-01 3.942343376468298022e-01 1.800000000000000488e-01 3.988672660840480444e-01 1.999999999999999556e-01 4.007810814034949987e-01 1.899999999999999467e-01 3.970742696556887052e-01
