2.666666666666661634e-02 1.271587750708967346e-01 2.666666666666661634e-02 1.285988662187224074e-01 1.333333333333330817e-02 7.155040004280795174e-02 2.666666666666661634e-02 8.587418959828835296e-02
7.999999999999996003e-02 2.330145222666070437e-01 7.999999999999996003e-02 2.319881491135430962e-01 5.333333333333334370e-02 1.369600454518210830e-01 8.266666666666666607e-01 1.724568242999439116e+00
7.999999999999996003e-02 1.752325622979815090e-01 7.999999999999996003e-02 1.753657396564756166e-01 4.000000000000003553e-02 9.928970585738494670e-02 4.000000000000003553e-02 1.159370390720949884e-01
9.333333333333337922e-02 1.820562893999717879e-01 7.999999999999996003e-02 1.827083883057352698e-01 5.333333333333334370e-02 1.217896151086752810e-01 5.333333333333334370e-02 1.587058113117040814e-01
2.666666666666661634e-02 1.098925455880246510e-01 2.666666666666661634e-02 1.145350798155120031e-01 1.333333333333330817e-02 8.049593592025509892e-02 2.666666666666661634e-02 1.242186188075554004e-01
1.066666666666666874e-01 1.877143096597613803e-01 1.066666666666666874e-01 1.846931292984028139e-01 4.000000000000003553e-02 1.064552538744856780e-01 8.000000000000000444e-01 2.594564174915255705e+00
1.333333333333330817e-02 9.532428354944176563e-02 1.333333333333330817e-02 9.890826423122910105e-02 1.333333333333330817e-02 5.621065958963641918e-02 2.666666666666661634e-02 9.261682503019506851e-02
6.666666666666665186e-02 1.542689872592573896e-01 4.000000000000003553e-02 1.571590070223304880e-01 5.333333333333334370e-02 1.190126970804208650e-01 9.333333333333337922e-02 3.188634222254061457e-01
1.066666666666666874e-01 1.912746319785844917e-01 1.066666666666666874e-01 1.906601762351232687e-01 4.000000000000003553e-02 1.191048905841299854e-01 1.066666666666666874e-01 2.410608417335238507e-01
0.000000000000000000e+00 8.859918505841792025e-02 0.000000000000000000e+00 9.139933500095262509e-02 2.666666666666661634e-02 7.112313649829669904e-02 7.733333333333333171e-01 2.864871384327726478e+00
5.333333333333334370e-02 1.951934766762991047e-01 5.333333333333334370e-02 1.963490190989373718e-01 6.666666666666665186e-02 1.708058404839634115e-01 8.133333333333333526e-01 1.958535216325705042e+00
1.333333333333330817e-02 1.156815498566744760e-01 2.666666666666661634e-02 1.215598042894358577e-01 2.666666666666661634e-02 7.922881414352682394e-02 1.333333333333330817e-02 1.208079525366318047e-01
5.333333333333334370e-02 1.665900214948987934e-01 4.000000000000003553e-02 1.672114105292808739e-01 5.333333333333334370e-02 1.004580382695624829e-01 5.333333333333334370e-02 1.130258723654262304e-01
7.999999999999996003e-02 1.935958434892689206e-01 7.999999999999996003e-02 1.998081786350436595e-01 1.199999999999999956e-01 2.181986570713020934e-01 8.800000000000000044e-01 7.240764527825643171e+00
4.000000000000003553e-02 1.058222552402021954e-01 4.000000000000003553e-02 1.089028601951015224e-01 2.666666666666661634e-02 7.169244090552945314e-02 2.666666666666661634e-02 7.704079626478776976e-02
6.666666666666665186e-02 2.051010409574670623e-01 6.666666666666665186e-02 2.067736030660257684e-01 4.000000000000003553e-02 1.206480725494686879e-01 5.333333333333334370e-02 2.016766147245569185e-01
1.333333333333330817e-02 1.264596640712634390e-01 1.333333333333330817e-02 1.280435007444916951e-01 0.000000000000000000e+00 5.943967165406660591e-02 1.333333333333330817e-02 8.165482802139790997e-02
5.333333333333334370e-02 1.423365344272353172e-01 5.333333333333334370e-02 1.458607194087691017e-01 6.666666666666665186e-02 1.164759367227935216e-01 6.666666666666665186e-02 2.481943831553627411e-01
2.666666666666661634e-02 1.204331664943464608e-01 2.666666666666661634e-02 1.248532684773784318e-01 5.333333333333334370e-02 1.029191886467482608e-01 8.533333333333332771e-01 2.432878459444136166e+00
2.666666666666661634e-02 1.513510298303835933e-01 2.666666666666661634e-02 1.538800857916622633e-01 5.333333333333334370e-02 1.466647275844414067e-01 5.333333333333334370e-02 2.521006582621083125e-01
5.333333333333334370e-02 1.763224179861446750e-01 5.333333333333334370e-02 1.784740571235335638e-01 5.333333333333334370e-02 1.630083979115426462e-01 4.000000000000003553e-02 2.166786905815990261e-01
6.666666666666665186e-02 1.384510932620882651e-01 6.666666666666665186e-02 1.388536959809176241e-01 6.666666666666665186e-02 1.240548318764240349e-01 7.466666666666665897e-01 2.914399613510917142e+00
6.666666666666665186e-02 1.642503412086242509e-01 5.333333333333334370e-02 1.669883158278918922e-01 7.999999999999996003e-02 1.524327655283673477e-01 7.999999999999996003e-02 2.566675037475311116e-01
4.000000000000003553e-02 1.265007108041848460e-01 4.000000000000003553e-02 1.275604861614611230e-01 5.333333333333334370e-02 8.212270974047261585e-02 4.000000000000003553e-02 1.087863152546588025e-01
6.666666666666665186e-02 2.349381119448077371e-01 6.666666666666665186e-02 2.354011872467888511e-01 5.333333333333334370e-02 1.354628781432407614e-01 7.999999999999996003e-02 2.089586677817897864e-01
1.333333333333330817e-02 8.847422185462126831e-02 1.333333333333330817e-02 8.976953952949678905e-02 2.666666666666661634e-02 5.759989373888858150e-02 6.400000000000000133e-01 1.001611741535271438e+00
4.000000000000003553e-02 1.268018992034130321e-01 2.666666666666661634e-02 1.290173139748196363e-01 2.666666666666661634e-02 9.865229781018926281e-02 2.666666666666661634e-02 1.133065897830407009e-01
4.000000000000003553e-02 1.451646193680858898e-01 4.000000000000003553e-02 1.471531675107582426e-01 4.000000000000003553e-02 1.246175667025025968e-01 1.199999999999999956e-01 2.338982452393952860e-01
4.000000000000003553e-02 1.649980990406140213e-01 4.000000000000003553e-02 1.636281797592341880e-01 5.333333333333334370e-02 1.486419451143103365e-01 7.999999999999996003e-02 2.474752664318079498e-01
1.333333333333330817e-02 1.077190625880387331e-01 1.333333333333330817e-02 1.121974343229969889e-01 2.666666666666661634e-02 6.878461848971487158e-02 2.666666666666661634e-02 8.410851867265020654e-02
7.999999999999996003e-02 2.209263769164787894e-01 7.999999999999996003e-02 2.225502845303639343e-01 9.333333333333337922e-02 1.692186168022081216e-01 8.800000000000000044e-01 3.005693165235147291e+00
2.666666666666661634e-02 1.233698831969832765e-01 2.666666666666661634e-02 1.282052509456705625e-01 2.666666666666661634e-02 6.620772897598146967e-02 2.666666666666661634e-02 1.169324297917619798e-01
2.666666666666661634e-02 1.594057168725445395e-01 2.666666666666661634e-02 1.619966126943515883e-01 5.333333333333334370e-02 1.315805951298158749e-01 1.466666666666666119e-01 5.166241865364331609e-01
6.666666666666665186e-02 1.617643652035335167e-01 6.666666666666665186e-02 1.634743410173951639e-01 7.999999999999996003e-02 1.413361598478211911e-01 5.333333333333334370e-02 2.862938897053241560e-01
2.666666666666661634e-02 1.373800599655948251e-01 4.000000000000003553e-02 1.410311587304568792e-01 2.666666666666661634e-02 9.306106038369393874e-02 8.666666666666666963e-01 3.385506677671466846e+00
7.999999999999996003e-02 1.521065136919852734e-01 7.999999999999996003e-02 1.527382565677956883e-01 2.666666666666661634e-02 1.004294419334230970e-01 5.333333333333334370e-02 1.437556276504527997e-01
4.000000000000003553e-02 1.402818016943640222e-01 4.000000000000003553e-02 1.406568248204747018e-01 5.333333333333334370e-02 1.246238429550056565e-01 7.600000000000000089e-01 1.910602096206897693e+00
2.666666666666661634e-02 1.208267686307966521e-01 2.666666666666661634e-02 1.216927004609569402e-01 2.666666666666661634e-02 9.430352846036192671e-02 1.333333333333330817e-02 1.677673570990708962e-01
0.000000000000000000e+00 7.181656699194639837e-02 0.000000000000000000e+00 7.584772657417271358e-02 2.666666666666661634e-02 5.524181577612600341e-02 2.666666666666661634e-02 6.794153056348224695e-02
5.333333333333334370e-02 1.483575036759085530e-01 5.333333333333334370e-02 1.492169400053187100e-01 7.999999999999996003e-02 1.218750699231497675e-01 8.666666666666666963e-01 4.028924661894524917e+00
7.999999999999996003e-02 1.612038385628087600e-01 7.999999999999996003e-02 1.613031905605652738e-01 7.999999999999996003e-02 1.288966260091927440e-01 7.999999999999996003e-02 1.574256134117894279e-01
5.333333333333334370e-02 1.338533256862549370e-01 2.666666666666661634e-02 1.356198028433175939e-01 1.333333333333330817e-02 8.060718887393818199e-02 4.000000000000003553e-02 1.843859773544042346e-01
1.333333333333330817e-02 9.278607696231570834e-02 1.333333333333330817e-02 9.552414200002751210e-02 2.666666666666661634e-02 4.893168935737961245e-02 2.666666666666661634e-02 5.354170062433249305e-02
5.333333333333334370e-02 1.506229315400759161e-01 5.333333333333334370e-02 1.521207413222937233e-01 4.000000000000003553e-02 1.221826539528137745e-01 6.666666666666665186e-02 2.410218013996813236e-01
5.333333333333334370e-02 1.572371937249689156e-01 5.333333333333334370e-02 1.564616525653138301e-01 2.666666666666661634e-02 7.526428959828539156e-02 4.000000000000003553e-02 2.901189088357542523e-01
1.333333333333330817e-02 1.269601384412225586e-01 1.333333333333330817e-02 1.301461196804366005e-01 4.000000000000003553e-02 9.507188178866478323e-02 9.333333333333337922e-02 4.192098257486683299e-01
1.333333333333330817e-02 8.168511471043310435e-02 1.333333333333330817e-02 8.457783316311334731e-02 2.666666666666661634e-02 5.054987020084015376e-02 4.000000000000003553e-02 9.729717729948796079e-02
4.000000000000003553e-02 1.340332325114772793e-01 4.000000000000003553e-02 1.361016295900188411e-01 4.000000000000003553e-02 7.351326397268062585e-02 4.000000000000003553e-02 8.573803730346003793e-02
5.333333333333334370e-02 1.264217429380707358e-01 5.333333333333334370e-02 1.277370594677679216e-01 4.000000000000003553e-02 9.079338063344505327e-02 5.333333333333334370e-02 1.276115345165803050e-01
2.666666666666661634e-02 1.123053321322013409e-01 2.666666666666661634e-02 1.136413413749569890e-01 5.333333333333334370e-02 9.118432364783823907e-02 4.000000000000003553e-02 1.120019141180910727e-01
7.999999999999996003e-02 2.330145222666070437e-01 7.999999999999996003e-02 2.319455687362622087e-01 5.333333333333334370e-02 1.370000336895608184e-01 8.266666666666666607e-01 1.721008202918467234e+00
5.333333333333334370e-02 2.009039309024866493e-01 5.333333333333334370e-02 2.014816314999407776e-01 6.666666666666665186e-02 1.382691510089624765e-01 5.333333333333334370e-02 1.243707750127228256e-01
7.999999999999996003e-02 2.586339085199665377e-01 7.999999999999996003e-02 2.546473821699496987e-01 9.333333333333337922e-02 2.341302769723072330e-01 7.600000000000000089e-01 1.580629623457917576e+00
7.999999999999996003e-02 1.776901389374666851e-01 7.999999999999996003e-02 1.765619259726302070e-01 6.666666666666665186e-02 1.196553443874607825e-01 6.666666666666665186e-02 9.889018554976319875e-02
7.999999999999996003e-02 1.659732558849869311e-01 7.999999999999996003e-02 1.656146525133641301e-01 5.333333333333334370e-02 1.062622291597257740e-01 4.000000000000003553e-02 1.190910704470937026e-01
2.666666666666661634e-02 1.229586855931756595e-01 4.000000000000003553e-02 1.260106865762612438e-01 4.000000000000003553e-02 9.453801275202027010e-02 5.333333333333334370e-02 2.068174701772061697e-01
6.666666666666665186e-02 1.864232283713427307e-01 6.666666666666665186e-02 1.871678533623192808e-01 7.999999999999996003e-02 1.967929483433101534e-01 1.333333333333333037e-01 3.481164930365804322e-01
2.666666666666661634e-02 1.055223278584494218e-01 2.666666666666661634e-02 1.088492133124484285e-01 2.666666666666661634e-02 5.886290540133808091e-02 1.333333333333330817e-02 6.753913327124744237e-02
5.333333333333334370e-02 1.332034115940333163e-01 5.333333333333334370e-02 1.335151710154851568e-01 5.333333333333334370e-02 9.654689509857269925e-02 6.666666666666665186e-02 1.167558407480891042e-01
2.666666666666661634e-02 1.191835836941449317e-01 2.666666666666661634e-02 1.241260456211738528e-01 4.000000000000003553e-02 8.071916895732338115e-02 2.666666666666661634e-02 1.016304371010219032e-01
6.666666666666665186e-02 1.909414316904577413e-01 6.666666666666665186e-02 1.922077429525574921e-01 7.999999999999996003e-02 1.469515357945475054e-01 9.333333333333337922e-02 1.758236381567745699e-01
4.000000000000003553e-02 1.211306754237827937e-01 4.000000000000003553e-02 1.230174574310673036e-01 2.666666666666661634e-02 6.897055019293059364e-02 2.666666666666661634e-02 8.894791647661612344e-02
6.666666666666665186e-02 1.720361427832157730e-01 6.666666666666665186e-02 1.706638780431702640e-01 5.333333333333334370e-02 1.034678167894481221e-01 5.333333333333334370e-02 1.242606228863534501e-01
6.666666666666665186e-02 2.051214181732408104e-01 6.666666666666665186e-02 2.045255372621631873e-01 5.333333333333334370e-02 1.795205298496879986e-01 6.666666666666665186e-02 2.399940597934605013e-01
4.000000000000003553e-02 1.423222557573914637e-01 4.000000000000003553e-02 1.426569794064823371e-01 2.666666666666661634e-02 8.537627867586702890e-02 4.000000000000003553e-02 1.111999530776576067e-01
1.333333333333330817e-02 1.253742249522789287e-01 1.333333333333330817e-02 1.270424041726903597e-01 4.000000000000003553e-02 8.502433449727186954e-02 7.466666666666665897e-01 1.416401502222685682e+00
2.666666666666661634e-02 9.897106984205991664e-02 2.666666666666661634e-02 1.025891613672052921e-01 2.666666666666661634e-02 6.729780815732305799e-02 7.333333333333333925e-01 1.757439029787621010e+00
5.333333333333334370e-02 1.661126702288370505e-01 5.333333333333334370e-02 1.680277132976772669e-01 5.333333333333334370e-02 9.995341591897743960e-02 5.333333333333334370e-02 1.043949133973910148e-01
2.666666666666661634e-02 1.099900126639924702e-01 2.666666666666661634e-02 1.131346666340694446e-01 2.666666666666661634e-02 6.819370914300645903e-02 2.666666666666661634e-02 9.671049990399688268e-02
4.000000000000003553e-02 1.122474814154028472e-01 4.000000000000003553e-02 1.143184468141415777e-01 1.333333333333330817e-02 5.369177846463505516e-02 1.333333333333330817e-02 7.534958800446253657e-02
4.000000000000003553e-02 1.284901471233035053e-01 4.000000000000003553e-02 1.303005508672254453e-01 5.333333333333334370e-02 8.578306069463770278e-02 5.333333333333334370e-02 9.306017466004221084e-02
2.666666666666661634e-02 1.065456786265681077e-01 2.666666666666661634e-02 1.108880892165290122e-01 4.000000000000003553e-02 6.202721739267735845e-02 9.333333333333337922e-02 2.695792507840368835e-01
5.333333333333334370e-02 1.277942089447803298e-01 4.000000000000003553e-02 1.279977904872463546e-01 6.666666666666665186e-02 1.310387169487709225e-01 9.200000000000000400e-01 3.749645696696528141e+00
7.999999999999996003e-02 1.919935922352100643e-01 7.999999999999996003e-02 1.922348569535644314e-01 7.999999999999996003e-02 2.051858392015464827e-01 9.333333333333337922e-02 2.678659077695291213e-01
5.333333333333334370e-02 1.364526497579876541e-01 5.333333333333334370e-02 1.381185923499961554e-01 1.333333333333330817e-02 7.316228965073305612e-02 2.666666666666661634e-02 8.239555042369521576e-02
0.000000000000000000e+00 8.439683215807150529e-02 0.000000000000000000e+00 8.882150133319503815e-02 4.000000000000003553e-02 7.056971718552212947e-02 2.666666666666661634e-02 1.199380962959960134e-01
7.999999999999996003e-02 1.594327069450062473e-01 6.666666666666665186e-02 1.622867386929622291e-01 6.666666666666665186e-02 1.075408889894308162e-01 6.666666666666665186e-02 1.152961172972366138e-01
2.666666666666661634e-02 1.112001599360314674e-01 2.666666666666661634e-02 1.123814985261376437e-01 4.000000000000003553e-02 6.022632964740969042e-02 2.666666666666661634e-02 1.569763614078708569e-01
4.000000000000003553e-02 1.490816769404281761e-01 2.666666666666661634e-02 1.510870601012258285e-01 2.666666666666661634e-02 9.440257543592962819e-02 7.999999999999996003e-02 3.505270763160724390e-01
4.000000000000003553e-02 1.399658951453633393e-01 4.000000000000003553e-02 1.436071560055697804e-01 5.333333333333334370e-02 8.629749301632179403e-02 5.333333333333334370e-02 2.401772791517069183e-01
0.000000000000000000e+00 9.178258170422608220e-02 0.000000000000000000e+00 9.610874718225295710e-02 1.333333333333330817e-02 6.423532238928045257e-02 5.333333333333334370e-02 2.314086252080621020e-01
2.666666666666661634e-02 1.060839877451248137e-01 2.666666666666661634e-02 1.077233605898370444e-01 2.666666666666661634e-02 7.056739247454725528e-02 3.199999999999999512e-01 5.507340311407545874e-01
1.333333333333330817e-02 1.072369714334141383e-01 1.333333333333330817e-02 1.075271276064383164e-01 2.666666666666661634e-02 7.302042945567102650e-02 2.666666666666661634e-02 1.038053656696135835e-01
2.666666666666661634e-02 1.156541740383679184e-01 2.666666666666661634e-02 1.190448460304932427e-01 4.000000000000003553e-02 8.512252073659422325e-02 4.000000000000003553e-02 9.544380199136780207e-02
0.000000000000000000e+00 1.006849252914894938e-01 0.000000000000000000e+00 1.041605641637247531e-01 2.666666666666661634e-02 7.752772189690705640e-02 1.333333333333333037e-01 4.444940727375917278e-01
4.000000000000003553e-02 1.128059702707811390e-01 4.000000000000003553e-02 1.136851829310660394e-01 4.000000000000003553e-02 9.524164940173542038e-02 5.333333333333334370e-02 1.122313494453360955e-01
2.666666666666661634e-02 1.211295812102078373e-01 2.666666666666661634e-02 1.240112590760529265e-01 2.666666666666661634e-02 1.032393928325712057e-01 1.333333333333330817e-02 1.621758608029576776e-01
4.000000000000003553e-02 1.565282893101983819e-01 4.000000000000003553e-02 1.591372039363181667e-01 4.000000000000003553e-02 1.091715982862696832e-01 4.000000000000003553e-02 1.202990170846488793e-01
9.333333333333337922e-02 1.641048478135589406e-01 9.333333333333337922e-02 1.629566254073812615e-01 5.333333333333334370e-02 9.082552296898599442e-02 4.000000000000003553e-02 1.197645922951134367e-01
2.666666666666661634e-02 1.072524353204898223e-01 2.666666666666661634e-02 1.101184177167257860e-01 4.000000000000003553e-02 7.054881223795796130e-02 6.799999999999999378e-01 1.385791552054572495e+00
5.333333333333334370e-02 1.525173569429587317e-01 6.666666666666665186e-02 1.523749625420149079e-01 4.000000000000003553e-02 9.440172938061525132e-02 4.000000000000003553e-02 1.109400681118999643e-01
6.666666666666665186e-02 1.897970664254597928e-01 6.666666666666665186e-02 1.879955931189191409e-01 5.333333333333334370e-02 1.431882878742528897e-01 7.466666666666665897e-01 1.313999448410998028e+00
6.666666666666665186e-02 1.577015825437532992e-01 6.666666666666665186e-02 1.582162572926983091e-01 7.999999999999996003e-02 1.710544265547346843e-01 5.333333333333334370e-02 2.827108025176070516e-01
5.333333333333334370e-02 1.730928946206639896e-01 5.333333333333334370e-02 1.721417618179240383e-01 6.666666666666665186e-02 1.523400100904465371e-01 6.666666666666665186e-02 2.523922842566546643e-01
4.000000000000003553e-02 1.283265858534521353e-01 4.000000000000003553e-02 1.295890535249110131e-01 1.333333333333330817e-02 7.141848585114650427e-02 5.333333333333334370e-02 1.145319906329801823e-01
2.666666666666661634e-02 1.093490877898849606e-01 2.666666666666661634e-02 1.114214235920472085e-01 1.333333333333330817e-02 5.704779656209767180e-02 2.666666666666661634e-02 5.971493234092092872e-02
4.000000000000003553e-02 1.320658513512173726e-01 4.000000000000003553e-02 1.339307518248020468e-01 5.333333333333334370e-02 8.015763471105979976e-02 2.666666666666661634e-02 1.119060675180777731e-01
2.666666666666661634e-02 7.590142385815867865e-02 2.666666666666661634e-02 7.853217149447309919e-02 2.666666666666661634e-02 4.928715161037522385e-02 5.333333333333334370e-02 1.139169768949471750e-01
4.000000000000003553e-02 1.213581139104240036e-01 4.000000000000003553e-02 1.200746856598644968e-01 2.666666666666661634e-02 8.144607638937985394e-02 6.666666666666665186e-02 1.647281397914614476e-01
4.000000000000003553e-02 1.473505673033061458e-01 4.000000000000003553e-02 1.478478497510886669e-01 5.333333333333334370e-02 9.091905039692267654e-02 7.999999999999996003e-02 3.141508199880198027e-01
